in_solved_state,step,is_list,id,type,color,x,y,x_vel,y_vel,angle,is_collision,kind,id_1,type_1,color_1,x_1,y_1,x_vel_1,y_vel_1,angle_1,id_2,type_2,color_2,x_2,y_2,x_vel_2,y_vel_2,angle_2,kind,id_1,type_1,color_1,x_1,y_1,x_vel_1,y_vel_1,angle_1,id_2,type_2,color_2,x_2,y_2,x_vel_2,y_vel_2,angle_2,kind,id_1,type_1,color_1,x_1,y_1,x_vel_1,y_vel_1,angle_1,id_2,type_2,color_2,x_2,y_2,x_vel_2,y_vel_2,angle_2,kind,id_1,type_1,color_1,x_1,y_1,x_vel_1,y_vel_1,angle_1,id_2,type_2,color_2,x_2,y_2,x_vel_2,y_vel_2,angle_2,kind,id_1,type_1,color_1,x_1,y_1,x_vel_1,y_vel_1,angle_1,id_2,type_2,color_2,x_2,y_2,x_vel_2,y_vel_2,angle_2,kind,id_1,type_1,color_1,x_1,y_1,x_vel_1,y_vel_1,angle_1,id_2,type_2,color_2,x_2,y_2,x_vel_2,y_vel_2,angle_2,kind,id_1,type_1,color_1,x_1,y_1,x_vel_1,y_vel_1,angle_1,id_2,type_2,color_2,x_2,y_2,x_vel_2,y_vel_2,angle_2,kind,id_1,type_1,color_1,x_1,y_1,x_vel_1,y_vel_1,angle_1,id_2,type_2,color_2,x_2,y_2,x_vel_2,y_vel_2,angle_2,kind,id_1,type_1,color_1,x_1,y_1,x_vel_1,y_vel_1,angle_1,id_2,type_2,color_2,x_2,y_2,x_vel_2,y_vel_2,angle_2,kind,id_1,type_1,color_1,x_1,y_1,x_vel_1,y_vel_1,angle_1,id_2,type_2,color_2,x_2,y_2,x_vel_2,y_vel_2,angle_2,kind,id_1,type_1,color_1,x_1,y_1,x_vel_1,y_vel_1,angle_1,id_2,type_2,color_2,x_2,y_2,x_vel_2,y_vel_2,angle_2,kind,id_1,type_1,color_1,x_1,y_1,x_vel_1,y_vel_1,angle_1,id_2,type_2,color_2,x_2,y_2,x_vel_2,y_vel_2,angle_2,kind,id_1,type_1,color_1,x_1,y_1,x_vel_1,y_vel_1,angle_1,id_2,type_2,color_2,x_2,y_2,x_vel_2,y_vel_2,angle_2,kind,id_1,type_1,color_1,x_1,y_1,x_vel_1,y_vel_1,angle_1,id_2,type_2,color_2,x_2,y_2,x_vel_2,y_vel_2,angle_2,kind,id_1,type_1,color_1,x_1,y_1,x_vel_1,y_vel_1,angle_1,id_2,type_2,color_2,x_2,y_2,x_vel_2,y_vel_2,angle_2,kind,id_1,type_1,color_1,x_1,y_1,x_vel_1,y_vel_1,angle_1,id_2,type_2,color_2,x_2,y_2,x_vel_2,y_vel_2,angle_2,kind,id_1,type_1,color_1,x_1,y_1,x_vel_1,y_vel_1,angle_1,id_2,type_2,color_2,x_2,y_2,x_vel_2,y_vel_2,angle_2,kind,id_1,type_1,color_1,x_1,y_1,x_vel_1,y_vel_1,angle_1,id_2,type_2,color_2,x_2,y_2,x_vel_2,y_vel_2,angle_2,kind,id_1,type_1,color_1,x_1,y_1,x_vel_1,y_vel_1,angle_1,id_2,type_2,color_2,x_2,y_2,x_vel_2,y_vel_2,angle_2,kind,id_1,type_1,color_1,x_1,y_1,x_vel_1,y_vel_1,angle_1,id_2,type_2,color_2,x_2,y_2,x_vel_2,y_vel_2,angle_2,kind,id_1,type_1,color_1,x_1,y_1,x_vel_1,y_vel_1,angle_1,id_2,type_2,color_2,x_2,y_2,x_vel_2,y_vel_2,angle_2,kind,id_1,type_1,color_1,x_1,y_1,x_vel_1,y_vel_1,angle_1,id_2,type_2,color_2,x_2,y_2,x_vel_2,y_vel_2,angle_2,kind,id_1,type_1,color_1,x_1,y_1,x_vel_1,y_vel_1,angle_1,id_2,type_2,color_2,x_2,y_2,x_vel_2,y_vel_2,angle_2,kind,id_1,type_1,color_1,x_1,y_1,x_vel_1,y_vel_1,angle_1,id_2,type_2,color_2,x_2,y_2,x_vel_2,y_vel_2,angle_2,kind,id_1,type_1,color_1,x_1,y_1,x_vel_1,y_vel_1,angle_1,id_2,type_2,color_2,x_2,y_2,x_vel_2,y_vel_2,angle_2,kind,id_1,type_1,color_1,x_1,y_1,x_vel_1,y_vel_1,angle_1,id_2,type_2,color_2,x_2,y_2,x_vel_2,y_vel_2,angle_2,kind,id_1,type_1,color_1,x_1,y_1,x_vel_1,y_vel_1,angle_1,id_2,type_2,color_2,x_2,y_2,x_vel_2,y_vel_2,angle_2,kind,id_1,type_1,color_1,x_1,y_1,x_vel_1,y_vel_1,angle_1,id_2,type_2,color_2,x_2,y_2,x_vel_2,y_vel_2,angle_2,kind,id_1,type_1,color_1,x_1,y_1,x_vel_1,y_vel_1,angle_1,id_2,type_2,color_2,x_2,y_2,x_vel_2,y_vel_2,angle_2,kind,id_1,type_1,color_1,x_1,y_1,x_vel_1,y_vel_1,angle_1,id_2,type_2,color_2,x_2,y_2,x_vel_2,y_vel_2,angle_2,kind,id_1,type_1,color_1,x_1,y_1,x_vel_1,y_vel_1,angle_1,id_2,type_2,color_2,x_2,y_2,x_vel_2,y_vel_2,angle_2,kind,id_1,type_1,color_1,x_1,y_1,x_vel_1,y_vel_1,angle_1,id_2,type_2,color_2,x_2,y_2,x_vel_2,y_vel_2,angle_2,kind,id_1,type_1,color_1,x_1,y_1,x_vel_1,y_vel_1,angle_1,id_2,type_2,color_2,x_2,y_2,x_vel_2,y_vel_2,angle_2,kind,id_1,type_1,color_1,x_1,y_1,x_vel_1,y_vel_1,angle_1,id_2,type_2,color_2,x_2,y_2,x_vel_2,y_vel_2,angle_2,kind,id_1,type_1,color_1,x_1,y_1,x_vel_1,y_vel_1,angle_1,id_2,type_2,color_2,x_2,y_2,x_vel_2,y_vel_2,angle_2,kind,id_1,type_1,color_1,x_1,y_1,x_vel_1,y_vel_1,angle_1,id_2,type_2,color_2,x_2,y_2,x_vel_2,y_vel_2,angle_2,kind,id_1,type_1,color_1,x_1,y_1,x_vel_1,y_vel_1,angle_1,id_2,type_2,color_2,x_2,y_2,x_vel_2,y_vel_2,angle_2,kind,id_1,type_1,color_1,x_1,y_1,x_vel_1,y_vel_1,angle_1,id_2,type_2,color_2,x_2,y_2,x_vel_2,y_vel_2,angle_2,kind,id_1,type_1,color_1,x_1,y_1,x_vel_1,y_vel_1,angle_1,id_2,type_2,color_2,x_2,y_2,x_vel_2,y_vel_2,angle_2,kind,id_1,type_1,color_1,x_1,y_1,x_vel_1,y_vel_1,angle_1,id_2,type_2,color_2,x_2,y_2,x_vel_2,y_vel_2,angle_2,kind,id_1,type_1,color_1,x_1,y_1,x_vel_1,y_vel_1,angle_1,id_2,type_2,color_2,x_2,y_2,x_vel_2,y_vel_2,angle_2,kind,id_1,type_1,color_1,x_1,y_1,x_vel_1,y_vel_1,angle_1,id_2,type_2,color_2,x_2,y_2,x_vel_2,y_vel_2,angle_2,kind,id_1,type_1,color_1,x_1,y_1,x_vel_1,y_vel_1,angle_1,id_2,type_2,color_2,x_2,y_2,x_vel_2,y_vel_2,angle_2,kind,id_1,type_1,color_1,x_1,y_1,x_vel_1,y_vel_1,angle_1,id_2,type_2,color_2,x_2,y_2,x_vel_2,y_vel_2,angle_2,kind,id_1,type_1,color_1,x_1,y_1,x_vel_1,y_vel_1,angle_1,id_2,type_2,color_2,x_2,y_2,x_vel_2,y_vel_2,angle_2,kind,id_1,type_1,color_1,x_1,y_1,x_vel_1,y_vel_1,angle_1,id_2,type_2,color_2,x_2,y_2,x_vel_2,y_vel_2,angle_2,kind,id_1,type_1,color_1,x_1,y_1,x_vel_1,y_vel_1,angle_1,id_2,type_2,color_2,x_2,y_2,x_vel_2,y_vel_2,angle_2,kind,id_1,type_1,color_1,x_1,y_1,x_vel_1,y_vel_1,angle_1,id_2,type_2,color_2,x_2,y_2,x_vel_2,y_vel_2,angle_2,kind,id_1,type_1,color_1,x_1,y_1,x_vel_1,y_vel_1,angle_1,id_2,type_2,color_2,x_2,y_2,x_vel_2,y_vel_2,angle_2,kind,id_1,type_1,color_1,x_1,y_1,x_vel_1,y_vel_1,angle_1,id_2,type_2,color_2,x_2,y_2,x_vel_2,y_vel_2,angle_2,kind,id_1,type_1,color_1,x_1,y_1,x_vel_1,y_vel_1,angle_1,id_2,type_2,color_2,x_2,y_2,x_vel_2,y_vel_2,angle_2,kind,id_1,type_1,color_1,x_1,y_1,x_vel_1,y_vel_1,angle_1,id_2,type_2,color_2,x_2,y_2,x_vel_2,y_vel_2,angle_2,kind,id_1,type_1,color_1,x_1,y_1,x_vel_1,y_vel_1,angle_1,id_2,type_2,color_2,x_2,y_2,x_vel_2,y_vel_2,angle_2,kind,id_1,type_1,color_1,x_1,y_1,x_vel_1,y_vel_1,angle_1,id_2,type_2,color_2,x_2,y_2,x_vel_2,y_vel_2,angle_2,kind,id_1,type_1,color_1,x_1,y_1,x_vel_1,y_vel_1,angle_1,id_2,type_2,color_2,x_2,y_2,x_vel_2,y_vel_2,angle_2,kind,id_1,type_1,color_1,x_1,y_1,x_vel_1,y_vel_1,angle_1,id_2,type_2,color_2,x_2,y_2,x_vel_2,y_vel_2,angle_2,kind,id_1,type_1,color_1,x_1,y_1,x_vel_1,y_vel_1,angle_1,id_2,type_2,color_2,x_2,y_2,x_vel_2,y_vel_2,angle_2,kind,id_1,type_1,color_1,x_1,y_1,x_vel_1,y_vel_1,angle_1,id_2,type_2,color_2,x_2,y_2,x_vel_2,y_vel_2,angle_2,kind,id_1,type_1,color_1,x_1,y_1,x_vel_1,y_vel_1,angle_1,id_2,type_2,color_2,x_2,y_2,x_vel_2,y_vel_2,angle_2,kind,id_1,type_1,color_1,x_1,y_1,x_vel_1,y_vel_1,angle_1,id_2,type_2,color_2,x_2,y_2,x_vel_2,y_vel_2,angle_2,kind,id_1,type_1,color_1,x_1,y_1,x_vel_1,y_vel_1,angle_1,id_2,type_2,color_2,x_2,y_2,x_vel_2,y_vel_2,angle_2,kind,id_1,type_1,color_1,x_1,y_1,x_vel_1,y_vel_1,angle_1,id_2,type_2,color_2,x_2,y_2,x_vel_2,y_vel_2,angle_2,kind,id_1,type_1,color_1,x_1,y_1,x_vel_1,y_vel_1,angle_1,id_2,type_2,color_2,x_2,y_2,x_vel_2,y_vel_2,angle_2,kind,id_1,type_1,color_1,x_1,y_1,x_vel_1,y_vel_1,angle_1,id_2,type_2,color_2,x_2,y_2,x_vel_2,y_vel_2,angle_2,kind,id_1,type_1,color_1,x_1,y_1,x_vel_1,y_vel_1,angle_1,id_2,type_2,color_2,x_2,y_2,x_vel_2,y_vel_2,angle_2,kind,id_1,type_1,color_1,x_1,y_1,x_vel_1,y_vel_1,angle_1,id_2,type_2,color_2,x_2,y_2,x_vel_2,y_vel_2,angle_2,kind,id_1,type_1,color_1,x_1,y_1,x_vel_1,y_vel_1,angle_1,id_2,type_2,color_2,x_2,y_2,x_vel_2,y_vel_2,angle_2,kind,id_1,type_1,color_1,x_1,y_1,x_vel_1,y_vel_1,angle_1,id_2,type_2,color_2,x_2,y_2,x_vel_2,y_vel_2,angle_2,kind,id_1,type_1,color_1,x_1,y_1,x_vel_1,y_vel_1,angle_1,id_2,type_2,color_2,x_2,y_2,x_vel_2,y_vel_2,angle_2,kind,id_1,type_1,color_1,x_1,y_1,x_vel_1,y_vel_1,angle_1,id_2,type_2,color_2,x_2,y_2,x_vel_2,y_vel_2,angle_2,kind,id_1,type_1,color_1,x_1,y_1,x_vel_1,y_vel_1,angle_1,id_2,type_2,color_2,x_2,y_2,x_vel_2,y_vel_2,angle_2,kind,id_1,type_1,color_1,x_1,y_1,x_vel_1,y_vel_1,angle_1,id_2,type_2,color_2,x_2,y_2,x_vel_2,y_vel_2,angle_2,kind,id_1,type_1,color_1,x_1,y_1,x_vel_1,y_vel_1,angle_1,id_2,type_2,color_2,x_2,y_2,x_vel_2,y_vel_2,angle_2,kind,id_1,type_1,color_1,x_1,y_1,x_vel_1,y_vel_1,angle_1,id_2,type_2,color_2,x_2,y_2,x_vel_2,y_vel_2,angle_2,kind,id_1,type_1,color_1,x_1,y_1,x_vel_1,y_vel_1,angle_1,id_2,type_2,color_2,x_2,y_2,x_vel_2,y_vel_2,angle_2,kind,id_1,type_1,color_1,x_1,y_1,x_vel_1,y_vel_1,angle_1,id_2,type_2,color_2,x_2,y_2,x_vel_2,y_vel_2,angle_2,kind,id_1,type_1,color_1,x_1,y_1,x_vel_1,y_vel_1,angle_1,id_2,type_2,color_2,x_2,y_2,x_vel_2,y_vel_2,angle_2,kind,id_1,type_1,color_1,x_1,y_1,x_vel_1,y_vel_1,angle_1,id_2,type_2,color_2,x_2,y_2,x_vel_2,y_vel_2,angle_2,kind,id_1,type_1,color_1,x_1,y_1,x_vel_1,y_vel_1,angle_1,id_2,type_2,color_2,x_2,y_2,x_vel_2,y_vel_2,angle_2,kind,id_1,type_1,color_1,x_1,y_1,x_vel_1,y_vel_1,angle_1,id_2,type_2,color_2,x_2,y_2,x_vel_2,y_vel_2,angle_2,kind,id_1,type_1,color_1,x_1,y_1,x_vel_1,y_vel_1,angle_1,id_2,type_2,color_2,x_2,y_2,x_vel_2,y_vel_2,angle_2,kind,id_1,type_1,color_1,x_1,y_1,x_vel_1,y_vel_1,angle_1,id_2,type_2,color_2,x_2,y_2,x_vel_2,y_vel_2,angle_2,kind,id_1,type_1,color_1,x_1,y_1,x_vel_1,y_vel_1,angle_1,id_2,type_2,color_2,x_2,y_2,x_vel_2,y_vel_2,angle_2,kind,id_1,type_1,color_1,x_1,y_1,x_vel_1,y_vel_1,angle_1,id_2,type_2,color_2,x_2,y_2,x_vel_2,y_vel_2,angle_2,kind,id_1,type_1,color_1,x_1,y_1,x_vel_1,y_vel_1,angle_1,id_2,type_2,color_2,x_2,y_2,x_vel_2,y_vel_2,angle_2,kind,id_1,type_1,color_1,x_1,y_1,x_vel_1,y_vel_1,angle_1,id_2,type_2,color_2,x_2,y_2,x_vel_2,y_vel_2,angle_2,kind,id_1,type_1,color_1,x_1,y_1,x_vel_1,y_vel_1,angle_1,id_2,type_2,color_2,x_2,y_2,x_vel_2,y_vel_2,angle_2,kind,id_1,type_1,color_1,x_1,y_1,x_vel_1,y_vel_1,angle_1,id_2,type_2,color_2,x_2,y_2,x_vel_2,y_vel_2,angle_2,kind,id_1,type_1,color_1,x_1,y_1,x_vel_1,y_vel_1,angle_1,id_2,type_2,color_2,x_2,y_2,x_vel_2,y_vel_2,angle_2,kind,id_1,type_1,color_1,x_1,y_1,x_vel_1,y_vel_1,angle_1,id_2,type_2,color_2,x_2,y_2,x_vel_2,y_vel_2,angle_2,kind,id_1,type_1,color_1,x_1,y_1,x_vel_1,y_vel_1,angle_1,id_2,type_2,color_2,x_2,y_2,x_vel_2,y_vel_2,angle_2,kind,id_1,type_1,color_1,x_1,y_1,x_vel_1,y_vel_1,angle_1,id_2,type_2,color_2,x_2,y_2,x_vel_2,y_vel_2,angle_2,kind,id_1,type_1,color_1,x_1,y_1,x_vel_1,y_vel_1,angle_1,id_2,type_2,color_2,x_2,y_2,x_vel_2,y_vel_2,angle_2,kind,id_1,type_1,color_1,x_1,y_1,x_vel_1,y_vel_1,angle_1,id_2,type_2,color_2,x_2,y_2,x_vel_2,y_vel_2,angle_2,kind,id_1,type_1,color_1,x_1,y_1,x_vel_1,y_vel_1,angle_1,id_2,type_2,color_2,x_2,y_2,x_vel_2,y_vel_2,angle_2,kind,id_1,type_1,color_1,x_1,y_1,x_vel_1,y_vel_1,angle_1,id_2,type_2,color_2,x_2,y_2,x_vel_2,y_vel_2,angle_2,kind,id_1,type_1,color_1,x_1,y_1,x_vel_1,y_vel_1,angle_1,id_2,type_2,color_2,x_2,y_2,x_vel_2,y_vel_2,angle_2,kind,id_1,type_1,color_1,x_1,y_1,x_vel_1,y_vel_1,angle_1,id_2,type_2,color_2,x_2,y_2,x_vel_2,y_vel_2,angle_2,kind,id_1,type_1,color_1,x_1,y_1,x_vel_1,y_vel_1,angle_1,id_2,type_2,color_2,x_2,y_2,x_vel_2,y_vel_2,angle_2,kind,id_1,type_1,color_1,x_1,y_1,x_vel_1,y_vel_1,angle_1,id_2,type_2,color_2,x_2,y_2,x_vel_2,y_vel_2,angle_2,kind,id_1,type_1,color_1,x_1,y_1,x_vel_1,y_vel_1,angle_1,id_2,type_2,color_2,x_2,y_2,x_vel_2,y_vel_2,angle_2,kind,id_1,type_1,color_1,x_1,y_1,x_vel_1,y_vel_1,angle_1,id_2,type_2,color_2,x_2,y_2,x_vel_2,y_vel_2,angle_2,kind,id_1,type_1,color_1,x_1,y_1,x_vel_1,y_vel_1,angle_1,id_2,type_2,color_2,x_2,y_2,x_vel_2,y_vel_2,angle_2,kind,id_1,type_1,color_1,x_1,y_1,x_vel_1,y_vel_1,angle_1,id_2,type_2,color_2,x_2,y_2,x_vel_2,y_vel_2,angle_2,kind,id_1,type_1,color_1,x_1,y_1,x_vel_1,y_vel_1,angle_1,id_2,type_2,color_2,x_2,y_2,x_vel_2,y_vel_2,angle_2,kind,id_1,type_1,color_1,x_1,y_1,x_vel_1,y_vel_1,angle_1,id_2,type_2,color_2,x_2,y_2,x_vel_2,y_vel_2,angle_2,kind,id_1,type_1,color_1,x_1,y_1,x_vel_1,y_vel_1,angle_1,id_2,type_2,color_2,x_2,y_2,x_vel_2,y_vel_2,angle_2,kind,id_1,type_1,color_1,x_1,y_1,x_vel_1,y_vel_1,angle_1,id_2,type_2,color_2,x_2,y_2,x_vel_2,y_vel_2,angle_2,kind,id_1,type_1,color_1,x_1,y_1,x_vel_1,y_vel_1,angle_1,id_2,type_2,color_2,x_2,y_2,x_vel_2,y_vel_2,angle_2,kind,id_1,type_1,color_1,x_1,y_1,x_vel_1,y_vel_1,angle_1,id_2,type_2,color_2,x_2,y_2,x_vel_2,y_vel_2,angle_2,kind,id_1,type_1,color_1,x_1,y_1,x_vel_1,y_vel_1,angle_1,id_2,type_2,color_2,x_2,y_2,x_vel_2,y_vel_2,angle_2,kind,id_1,type_1,color_1,x_1,y_1,x_vel_1,y_vel_1,angle_1,id_2,type_2,color_2,x_2,y_2,x_vel_2,y_vel_2,angle_2,kind,id_1,type_1,color_1,x_1,y_1,x_vel_1,y_vel_1,angle_1,id_2,type_2,color_2,x_2,y_2,x_vel_2,y_vel_2,angle_2,kind,id_1,type_1,color_1,x_1,y_1,x_vel_1,y_vel_1,angle_1,id_2,type_2,color_2,x_2,y_2,x_vel_2,y_vel_2,angle_2,kind,id_1,type_1,color_1,x_1,y_1,x_vel_1,y_vel_1,angle_1,id_2,type_2,color_2,x_2,y_2,x_vel_2,y_vel_2,angle_2,kind,id_1,type_1,color_1,x_1,y_1,x_vel_1,y_vel_1,angle_1,id_2,type_2,color_2,x_2,y_2,x_vel_2,y_vel_2,angle_2,kind,id_1,type_1,color_1,x_1,y_1,x_vel_1,y_vel_1,angle_1,id_2,type_2,color_2,x_2,y_2,x_vel_2,y_vel_2,angle_2,kind,id_1,type_1,color_1,x_1,y_1,x_vel_1,y_vel_1,angle_1,id_2,type_2,color_2,x_2,y_2,x_vel_2,y_vel_2,angle_2,kind,id_1,type_1,color_1,x_1,y_1,x_vel_1,y_vel_1,angle_1,id_2,type_2,color_2,x_2,y_2,x_vel_2,y_vel_2,angle_2,kind,id_1,type_1,color_1,x_1,y_1,x_vel_1,y_vel_1,angle_1,id_2,type_2,color_2,x_2,y_2,x_vel_2,y_vel_2,angle_2,kind,id_1,type_1,color_1,x_1,y_1,x_vel_1,y_vel_1,angle_1,id_2,type_2,color_2,x_2,y_2,x_vel_2,y_vel_2,angle_2,kind,id_1,type_1,color_1,x_1,y_1,x_vel_1,y_vel_1,angle_1,id_2,type_2,color_2,x_2,y_2,x_vel_2,y_vel_2,angle_2,kind,id_1,type_1,color_1,x_1,y_1,x_vel_1,y_vel_1,angle_1,id_2,type_2,color_2,x_2,y_2,x_vel_2,y_vel_2,angle_2,kind,id_1,type_1,color_1,x_1,y_1,x_vel_1,y_vel_1,angle_1,id_2,type_2,color_2,x_2,y_2,x_vel_2,y_vel_2,angle_2,kind,id_1,type_1,color_1,x_1,y_1,x_vel_1,y_vel_1,angle_1,id_2,type_2,color_2,x_2,y_2,x_vel_2,y_vel_2,angle_2,kind,id_1,type_1,color_1,x_1,y_1,x_vel_1,y_vel_1,angle_1,id_2,type_2,color_2,x_2,y_2,x_vel_2,y_vel_2,angle_2,kind,id_1,type_1,color_1,x_1,y_1,x_vel_1,y_vel_1,angle_1,id_2,type_2,color_2,x_2,y_2,x_vel_2,y_vel_2,angle_2,kind,id_1,type_1,color_1,x_1,y_1,x_vel_1,y_vel_1,angle_1,id_2,type_2,color_2,x_2,y_2,x_vel_2,y_vel_2,angle_2,kind,id_1,type_1,color_1,x_1,y_1,x_vel_1,y_vel_1,angle_1,id_2,type_2,color_2,x_2,y_2,x_vel_2,y_vel_2,angle_2,kind,id_1,type_1,color_1,x_1,y_1,x_vel_1,y_vel_1,angle_1,id_2,type_2,color_2,x_2,y_2,x_vel_2,y_vel_2,angle_2,kind,id_1,type_1,color_1,x_1,y_1,x_vel_1,y_vel_1,angle_1,id_2,type_2,color_2,x_2,y_2,x_vel_2,y_vel_2,angle_2,kind,id_1,type_1,color_1,x_1,y_1,x_vel_1,y_vel_1,angle_1,id_2,type_2,color_2,x_2,y_2,x_vel_2,y_vel_2,angle_2,kind,id_1,type_1,color_1,x_1,y_1,x_vel_1,y_vel_1,angle_1,id_2,type_2,color_2,x_2,y_2,x_vel_2,y_vel_2,angle_2,kind,id_1,type_1,color_1,x_1,y_1,x_vel_1,y_vel_1,angle_1,id_2,type_2,color_2,x_2,y_2,x_vel_2,y_vel_2,angle_2,kind,id_1,type_1,color_1,x_1,y_1,x_vel_1,y_vel_1,angle_1,id_2,type_2,color_2,x_2,y_2,x_vel_2,y_vel_2,angle_2,kind,id_1,type_1,color_1,x_1,y_1,x_vel_1,y_vel_1,angle_1,id_2,type_2,color_2,x_2,y_2,x_vel_2,y_vel_2,angle_2,kind,id_1,type_1,color_1,x_1,y_1,x_vel_1,y_vel_1,angle_1,id_2,type_2,color_2,x_2,y_2,x_vel_2,y_vel_2,angle_2,kind,id_1,type_1,color_1,x_1,y_1,x_vel_1,y_vel_1,angle_1,id_2,type_2,color_2,x_2,y_2,x_vel_2,y_vel_2,angle_2,kind,id_1,type_1,color_1,x_1,y_1,x_vel_1,y_vel_1,angle_1,id_2,type_2,color_2,x_2,y_2,x_vel_2,y_vel_2,angle_2,kind,id_1,type_1,color_1,x_1,y_1,x_vel_1,y_vel_1,angle_1,id_2,type_2,color_2,x_2,y_2,x_vel_2,y_vel_2,angle_2,kind,id_1,type_1,color_1,x_1,y_1,x_vel_1,y_vel_1,angle_1,id_2,type_2,color_2,x_2,y_2,x_vel_2,y_vel_2,angle_2,kind,id_1,type_1,color_1,x_1,y_1,x_vel_1,y_vel_1,angle_1,id_2,type_2,color_2,x_2,y_2,x_vel_2,y_vel_2,angle_2,kind,id_1,type_1,color_1,x_1,y_1,x_vel_1,y_vel_1,angle_1,id_2,type_2,color_2,x_2,y_2,x_vel_2,y_vel_2,angle_2,kind,id_1,type_1,color_1,x_1,y_1,x_vel_1,y_vel_1,angle_1,id_2,type_2,color_2,x_2,y_2,x_vel_2,y_vel_2,angle_2,kind,id_1,type_1,color_1,x_1,y_1,x_vel_1,y_vel_1,angle_1,id_2,type_2,color_2,x_2,y_2,x_vel_2,y_vel_2,angle_2,kind,id_1,type_1,color_1,x_1,y_1,x_vel_1,y_vel_1,angle_1,id_2,type_2,color_2,x_2,y_2,x_vel_2,y_vel_2,angle_2,kind,id_1,type_1,color_1,x_1,y_1,x_vel_1,y_vel_1,angle_1,id_2,type_2,color_2,x_2,y_2,x_vel_2,y_vel_2,angle_2,kind,id_1,type_1,color_1,x_1,y_1,x_vel_1,y_vel_1,angle_1,id_2,type_2,color_2,x_2,y_2,x_vel_2,y_vel_2,angle_2,kind,id_1,type_1,color_1,x_1,y_1,x_vel_1,y_vel_1,angle_1,id_2,type_2,color_2,x_2,y_2,x_vel_2,y_vel_2,angle_2,kind,id_1,type_1,color_1,x_1,y_1,x_vel_1,y_vel_1,angle_1,id_2,type_2,color_2,x_2,y_2,x_vel_2,y_vel_2,angle_2,kind,id_1,type_1,color_1,x_1,y_1,x_vel_1,y_vel_1,angle_1,id_2,type_2,color_2,x_2,y_2,x_vel_2,y_vel_2,angle_2,kind,id_1,type_1,color_1,x_1,y_1,x_vel_1,y_vel_1,angle_1,id_2,type_2,color_2,x_2,y_2,x_vel_2,y_vel_2,angle_2,kind,id_1,type_1,color_1,x_1,y_1,x_vel_1,y_vel_1,angle_1,id_2,type_2,color_2,x_2,y_2,x_vel_2,y_vel_2,angle_2,kind,id_1,type_1,color_1,x_1,y_1,x_vel_1,y_vel_1,angle_1,id_2,type_2,color_2,x_2,y_2,x_vel_2,y_vel_2,angle_2,kind,id_1,type_1,color_1,x_1,y_1,x_vel_1,y_vel_1,angle_1,id_2,type_2,color_2,x_2,y_2,x_vel_2,y_vel_2,angle_2,kind,id_1,type_1,color_1,x_1,y_1,x_vel_1,y_vel_1,angle_1,id_2,type_2,color_2,x_2,y_2,x_vel_2,y_vel_2,angle_2,kind,id_1,type_1,color_1,x_1,y_1,x_vel_1,y_vel_1,angle_1,id_2,type_2,color_2,x_2,y_2,x_vel_2,y_vel_2,angle_2,kind,id_1,type_1,color_1,x_1,y_1,x_vel_1,y_vel_1,angle_1,id_2,type_2,color_2,x_2,y_2,x_vel_2,y_vel_2,angle_2,kind,id_1,type_1,color_1,x_1,y_1,x_vel_1,y_vel_1,angle_1,id_2,type_2,color_2,x_2,y_2,x_vel_2,y_vel_2,angle_2,kind,id_1,type_1,color_1,x_1,y_1,x_vel_1,y_vel_1,angle_1,id_2,type_2,color_2,x_2,y_2,x_vel_2,y_vel_2,angle_2,kind,id_1,type_1,color_1,x_1,y_1,x_vel_1,y_vel_1,angle_1,id_2,type_2,color_2,x_2,y_2,x_vel_2,y_vel_2,angle_2,kind,id_1,type_1,color_1,x_1,y_1,x_vel_1,y_vel_1,angle_1,id_2,type_2,color_2,x_2,y_2,x_vel_2,y_vel_2,angle_2,kind,id_1,type_1,color_1,x_1,y_1,x_vel_1,y_vel_1,angle_1,id_2,type_2,color_2,x_2,y_2,x_vel_2,y_vel_2,angle_2,kind,id_1,type_1,color_1,x_1,y_1,x_vel_1,y_vel_1,angle_1,id_2,type_2,color_2,x_2,y_2,x_vel_2,y_vel_2,angle_2,kind,id_1,type_1,color_1,x_1,y_1,x_vel_1,y_vel_1,angle_1,id_2,type_2,color_2,x_2,y_2,x_vel_2,y_vel_2,angle_2,kind,id_1,type_1,color_1,x_1,y_1,x_vel_1,y_vel_1,angle_1,id_2,type_2,color_2,x_2,y_2,x_vel_2,y_vel_2,angle_2,kind,id_1,type_1,color_1,x_1,y_1,x_vel_1,y_vel_1,angle_1,id_2,type_2,color_2,x_2,y_2,x_vel_2,y_vel_2,angle_2,kind,id_1,type_1,color_1,x_1,y_1,x_vel_1,y_vel_1,angle_1,id_2,type_2,color_2,x_2,y_2,x_vel_2,y_vel_2,angle_2,kind,id_1,type_1,color_1,x_1,y_1,x_vel_1,y_vel_1,angle_1,id_2,type_2,color_2,x_2,y_2,x_vel_2,y_vel_2,angle_2,kind,id_1,type_1,color_1,x_1,y_1,x_vel_1,y_vel_1,angle_1,id_2,type_2,color_2,x_2,y_2,x_vel_2,y_vel_2,angle_2,kind,id_1,type_1,color_1,x_1,y_1,x_vel_1,y_vel_1,angle_1,id_2,type_2,color_2,x_2,y_2,x_vel_2,y_vel_2,angle_2,kind,id_1,type_1,color_1,x_1,y_1,x_vel_1,y_vel_1,angle_1,id_2,type_2,color_2,x_2,y_2,x_vel_2,y_vel_2,angle_2,kind,id_1,type_1,color_1,x_1,y_1,x_vel_1,y_vel_1,angle_1,id_2,type_2,color_2,x_2,y_2,x_vel_2,y_vel_2,angle_2,kind,id_1,type_1,color_1,x_1,y_1,x_vel_1,y_vel_1,angle_1,id_2,type_2,color_2,x_2,y_2,x_vel_2,y_vel_2,angle_2,kind,id_1,type_1,color_1,x_1,y_1,x_vel_1,y_vel_1,angle_1,id_2,type_2,color_2,x_2,y_2,x_vel_2,y_vel_2,angle_2,kind,id_1,type_1,color_1,x_1,y_1,x_vel_1,y_vel_1,angle_1,id_2,type_2,color_2,x_2,y_2,x_vel_2,y_vel_2,angle_2,kind,id_1,type_1,color_1,x_1,y_1,x_vel_1,y_vel_1,angle_1,id_2,type_2,color_2,x_2,y_2,x_vel_2,y_vel_2,angle_2,kind,id_1,type_1,color_1,x_1,y_1,x_vel_1,y_vel_1,angle_1,id_2,type_2,color_2,x_2,y_2,x_vel_2,y_vel_2,angle_2,kind,id_1,type_1,color_1,x_1,y_1,x_vel_1,y_vel_1,angle_1,id_2,type_2,color_2,x_2,y_2,x_vel_2,y_vel_2,angle_2,kind,id_1,type_1,color_1,x_1,y_1,x_vel_1,y_vel_1,angle_1,id_2,type_2,color_2,x_2,y_2,x_vel_2,y_vel_2,angle_2,kind,id_1,type_1,color_1,x_1,y_1,x_vel_1,y_vel_1,angle_1,id_2,type_2,color_2,x_2,y_2,x_vel_2,y_vel_2,angle_2,kind,id_1,type_1,color_1,x_1,y_1,x_vel_1,y_vel_1,angle_1,id_2,type_2,color_2,x_2,y_2,x_vel_2,y_vel_2,angle_2,kind,id_1,type_1,color_1,x_1,y_1,x_vel_1,y_vel_1,angle_1,id_2,type_2,color_2,x_2,y_2,x_vel_2,y_vel_2,angle_2,kind,id_1,type_1,color_1,x_1,y_1,x_vel_1,y_vel_1,angle_1,id_2,type_2,color_2,x_2,y_2,x_vel_2,y_vel_2,angle_2,kind,id_1,type_1,color_1,x_1,y_1,x_vel_1,y_vel_1,angle_1,id_2,type_2,color_2,x_2,y_2,x_vel_2,y_vel_2,angle_2,kind,id_1,type_1,color_1,x_1,y_1,x_vel_1,y_vel_1,angle_1,id_2,type_2,color_2,x_2,y_2,x_vel_2,y_vel_2,angle_2,kind,id_1,type_1,color_1,x_1,y_1,x_vel_1,y_vel_1,angle_1,id_2,type_2,color_2,x_2,y_2,x_vel_2,y_vel_2,angle_2,kind,id_1,type_1,color_1,x_1,y_1,x_vel_1,y_vel_1,angle_1,id_2,type_2,color_2,x_2,y_2,x_vel_2,y_vel_2,angle_2,kind,id_1,type_1,color_1,x_1,y_1,x_vel_1,y_vel_1,angle_1,id_2,type_2,color_2,x_2,y_2,x_vel_2,y_vel_2,angle_2,kind,id_1,type_1,color_1,x_1,y_1,x_vel_1,y_vel_1,angle_1,id_2,type_2,color_2,x_2,y_2,x_vel_2,y_vel_2,angle_2,kind,id_1,type_1,color_1,x_1,y_1,x_vel_1,y_vel_1,angle_1,id_2,type_2,color_2,x_2,y_2,x_vel_2,y_vel_2,angle_2,kind,id_1,type_1,color_1,x_1,y_1,x_vel_1,y_vel_1,angle_1,id_2,type_2,color_2,x_2,y_2,x_vel_2,y_vel_2,angle_2,kind,id_1,type_1,color_1,x_1,y_1,x_vel_1,y_vel_1,angle_1,id_2,type_2,color_2,x_2,y_2,x_vel_2,y_vel_2,angle_2,kind,id_1,type_1,color_1,x_1,y_1,x_vel_1,y_vel_1,angle_1,id_2,type_2,color_2,x_2,y_2,x_vel_2,y_vel_2,angle_2,kind,id_1,type_1,color_1,x_1,y_1,x_vel_1,y_vel_1,angle_1,id_2,type_2,color_2,x_2,y_2,x_vel_2,y_vel_2,angle_2,kind,id_1,type_1,color_1,x_1,y_1,x_vel_1,y_vel_1,angle_1,id_2,type_2,color_2,x_2,y_2,x_vel_2,y_vel_2,angle_2,kind,id_1,type_1,color_1,x_1,y_1,x_vel_1,y_vel_1,angle_1,id_2,type_2,color_2,x_2,y_2,x_vel_2,y_vel_2,angle_2,kind,id_1,type_1,color_1,x_1,y_1,x_vel_1,y_vel_1,angle_1,id_2,type_2,color_2,x_2,y_2,x_vel_2,y_vel_2,angle_2,kind,id_1,type_1,color_1,x_1,y_1,x_vel_1,y_vel_1,angle_1,id_2,type_2,color_2,x_2,y_2,x_vel_2,y_vel_2,angle_2,kind,id_1,type_1,color_1,x_1,y_1,x_vel_1,y_vel_1,angle_1,id_2,type_2,color_2,x_2,y_2,x_vel_2,y_vel_2,angle_2,kind,id_1,type_1,color_1,x_1,y_1,x_vel_1,y_vel_1,angle_1,id_2,type_2,color_2,x_2,y_2,x_vel_2,y_vel_2,angle_2,kind,id_1,type_1,color_1,x_1,y_1,x_vel_1,y_vel_1,angle_1,id_2,type_2,color_2,x_2,y_2,x_vel_2,y_vel_2,angle_2,kind,id_1,type_1,color_1,x_1,y_1,x_vel_1,y_vel_1,angle_1,id_2,type_2,color_2,x_2,y_2,x_vel_2,y_vel_2,angle_2,kind,id_1,type_1,color_1,x_1,y_1,x_vel_1,y_vel_1,angle_1,id_2,type_2,color_2,x_2,y_2,x_vel_2,y_vel_2,angle_2,kind,id_1,type_1,color_1,x_1,y_1,x_vel_1,y_vel_1,angle_1,id_2,type_2,color_2,x_2,y_2,x_vel_2,y_vel_2,angle_2,kind,id_1,type_1,color_1,x_1,y_1,x_vel_1,y_vel_1,angle_1,id_2,type_2,color_2,x_2,y_2,x_vel_2,y_vel_2,angle_2,kind,id_1,type_1,color_1,x_1,y_1,x_vel_1,y_vel_1,angle_1,id_2,type_2,color_2,x_2,y_2,x_vel_2,y_vel_2,angle_2,kind,id_1,type_1,color_1,x_1,y_1,x_vel_1,y_vel_1,angle_1,id_2,type_2,color_2,x_2,y_2,x_vel_2,y_vel_2,angle_2,kind,id_1,type_1,color_1,x_1,y_1,x_vel_1,y_vel_1,angle_1,id_2,type_2,color_2,x_2,y_2,x_vel_2,y_vel_2,angle_2,kind,id_1,type_1,color_1,x_1,y_1,x_vel_1,y_vel_1,angle_1,id_2,type_2,color_2,x_2,y_2,x_vel_2,y_vel_2,angle_2,kind,id_1,type_1,color_1,x_1,y_1,x_vel_1,y_vel_1,angle_1,id_2,type_2,color_2,x_2,y_2,x_vel_2,y_vel_2,angle_2,kind,id_1,type_1,color_1,x_1,y_1,x_vel_1,y_vel_1,angle_1,id_2,type_2,color_2,x_2,y_2,x_vel_2,y_vel_2,angle_2,kind,id_1,type_1,color_1,x_1,y_1,x_vel_1,y_vel_1,angle_1,id_2,type_2,color_2,x_2,y_2,x_vel_2,y_vel_2,angle_2,kind,id_1,type_1,color_1,x_1,y_1,x_vel_1,y_vel_1,angle_1,id_2,type_2,color_2,x_2,y_2,x_vel_2,y_vel_2,angle_2,kind,id_1,type_1,color_1,x_1,y_1,x_vel_1,y_vel_1,angle_1,id_2,type_2,color_2,x_2,y_2,x_vel_2,y_vel_2,angle_2,kind,id_1,type_1,color_1,x_1,y_1,x_vel_1,y_vel_1,angle_1,id_2,type_2,color_2,x_2,y_2,x_vel_2,y_vel_2,angle_2,kind,id_1,type_1,color_1,x_1,y_1,x_vel_1,y_vel_1,angle_1,id_2,type_2,color_2,x_2,y_2,x_vel_2,y_vel_2,angle_2,kind,id_1,type_1,color_1,x_1,y_1,x_vel_1,y_vel_1,angle_1,id_2,type_2,color_2,x_2,y_2,x_vel_2,y_vel_2,angle_2,kind,id_1,type_1,color_1,x_1,y_1,x_vel_1,y_vel_1,angle_1,id_2,type_2,color_2,x_2,y_2,x_vel_2,y_vel_2,angle_2,kind,id_1,type_1,color_1,x_1,y_1,x_vel_1,y_vel_1,angle_1,id_2,type_2,color_2,x_2,y_2,x_vel_2,y_vel_2,angle_2,kind,id_1,type_1,color_1,x_1,y_1,x_vel_1,y_vel_1,angle_1,id_2,type_2,color_2,x_2,y_2,x_vel_2,y_vel_2,angle_2,kind,id_1,type_1,color_1,x_1,y_1,x_vel_1,y_vel_1,angle_1,id_2,type_2,color_2,x_2,y_2,x_vel_2,y_vel_2,angle_2,kind,id_1,type_1,color_1,x_1,y_1,x_vel_1,y_vel_1,angle_1,id_2,type_2,color_2,x_2,y_2,x_vel_2,y_vel_2,angle_2,kind,id_1,type_1,color_1,x_1,y_1,x_vel_1,y_vel_1,angle_1,id_2,type_2,color_2,x_2,y_2,x_vel_2,y_vel_2,angle_2,kind,id_1,type_1,color_1,x_1,y_1,x_vel_1,y_vel_1,angle_1,id_2,type_2,color_2,x_2,y_2,x_vel_2,y_vel_2,angle_2,kind,id_1,type_1,color_1,x_1,y_1,x_vel_1,y_vel_1,angle_1,id_2,type_2,color_2,x_2,y_2,x_vel_2,y_vel_2,angle_2,kind,id_1,type_1,color_1,x_1,y_1,x_vel_1,y_vel_1,angle_1,id_2,type_2,color_2,x_2,y_2,x_vel_2,y_vel_2,angle_2,kind,id_1,type_1,color_1,x_1,y_1,x_vel_1,y_vel_1,angle_1,id_2,type_2,color_2,x_2,y_2,x_vel_2,y_vel_2,angle_2,kind,id_1,type_1,color_1,x_1,y_1,x_vel_1,y_vel_1,angle_1,id_2,type_2,color_2,x_2,y_2,x_vel_2,y_vel_2,angle_2,kind,id_1,type_1,color_1,x_1,y_1,x_vel_1,y_vel_1,angle_1,id_2,type_2,color_2,x_2,y_2,x_vel_2,y_vel_2,angle_2,kind,id_1,type_1,color_1,x_1,y_1,x_vel_1,y_vel_1,angle_1,id_2,type_2,color_2,x_2,y_2,x_vel_2,y_vel_2,angle_2,kind,id_1,type_1,color_1,x_1,y_1,x_vel_1,y_vel_1,angle_1,id_2,type_2,color_2,x_2,y_2,x_vel_2,y_vel_2,angle_2,kind,id_1,type_1,color_1,x_1,y_1,x_vel_1,y_vel_1,angle_1,id_2,type_2,color_2,x_2,y_2,x_vel_2,y_vel_2,angle_2,kind,id_1,type_1,color_1,x_1,y_1,x_vel_1,y_vel_1,angle_1,id_2,type_2,color_2,x_2,y_2,x_vel_2,y_vel_2,angle_2,kind,id_1,type_1,color_1,x_1,y_1,x_vel_1,y_vel_1,angle_1,id_2,type_2,color_2,x_2,y_2,x_vel_2,y_vel_2,angle_2,kind,id_1,type_1,color_1,x_1,y_1,x_vel_1,y_vel_1,angle_1,id_2,type_2,color_2,x_2,y_2,x_vel_2,y_vel_2,angle_2,kind,id_1,type_1,color_1,x_1,y_1,x_vel_1,y_vel_1,angle_1,id_2,type_2,color_2,x_2,y_2,x_vel_2,y_vel_2,angle_2,kind,id_1,type_1,color_1,x_1,y_1,x_vel_1,y_vel_1,angle_1,id_2,type_2,color_2,x_2,y_2,x_vel_2,y_vel_2,angle_2,kind,id_1,type_1,color_1,x_1,y_1,x_vel_1,y_vel_1,angle_1,id_2,type_2,color_2,x_2,y_2,x_vel_2,y_vel_2,angle_2,kind,id_1,type_1,color_1,x_1,y_1,x_vel_1,y_vel_1,angle_1,id_2,type_2,color_2,x_2,y_2,x_vel_2,y_vel_2,angle_2,kind,id_1,type_1,color_1,x_1,y_1,x_vel_1,y_vel_1,angle_1,id_2,type_2,color_2,x_2,y_2,x_vel_2,y_vel_2,angle_2,kind,id_1,type_1,color_1,x_1,y_1,x_vel_1,y_vel_1,angle_1,id_2,type_2,color_2,x_2,y_2,x_vel_2,y_vel_2,angle_2,kind,id_1,type_1,color_1,x_1,y_1,x_vel_1,y_vel_1,angle_1,id_2,type_2,color_2,x_2,y_2,x_vel_2,y_vel_2,angle_2,kind,id_1,type_1,color_1,x_1,y_1,x_vel_1,y_vel_1,angle_1,id_2,type_2,color_2,x_2,y_2,x_vel_2,y_vel_2,angle_2,kind,id_1,type_1,color_1,x_1,y_1,x_vel_1,y_vel_1,angle_1,id_2,type_2,color_2,x_2,y_2,x_vel_2,y_vel_2,angle_2,kind,id_1,type_1,color_1,x_1,y_1,x_vel_1,y_vel_1,angle_1,id_2,type_2,color_2,x_2,y_2,x_vel_2,y_vel_2,angle_2,kind,id_1,type_1,color_1,x_1,y_1,x_vel_1,y_vel_1,angle_1,id_2,type_2,color_2,x_2,y_2,x_vel_2,y_vel_2,angle_2,kind,id_1,type_1,color_1,x_1,y_1,x_vel_1,y_vel_1,angle_1,id_2,type_2,color_2,x_2,y_2,x_vel_2,y_vel_2,angle_2,kind,id_1,type_1,color_1,x_1,y_1,x_vel_1,y_vel_1,angle_1,id_2,type_2,color_2,x_2,y_2,x_vel_2,y_vel_2,angle_2,kind,id_1,type_1,color_1,x_1,y_1,x_vel_1,y_vel_1,angle_1,id_2,type_2,color_2,x_2,y_2,x_vel_2,y_vel_2,angle_2,kind,id_1,type_1,color_1,x_1,y_1,x_vel_1,y_vel_1,angle_1,id_2,type_2,color_2,x_2,y_2,x_vel_2,y_vel_2,angle_2,kind,id_1,type_1,color_1,x_1,y_1,x_vel_1,y_vel_1,angle_1,id_2,type_2,color_2,x_2,y_2,x_vel_2,y_vel_2,angle_2,kind,id_1,type_1,color_1,x_1,y_1,x_vel_1,y_vel_1,angle_1,id_2,type_2,color_2,x_2,y_2,x_vel_2,y_vel_2,angle_2,kind,id_1,type_1,color_1,x_1,y_1,x_vel_1,y_vel_1,angle_1,id_2,type_2,color_2,x_2,y_2,x_vel_2,y_vel_2,angle_2,kind,id_1,type_1,color_1,x_1,y_1,x_vel_1,y_vel_1,angle_1,id_2,type_2,color_2,x_2,y_2,x_vel_2,y_vel_2,angle_2,kind,id_1,type_1,color_1,x_1,y_1,x_vel_1,y_vel_1,angle_1,id_2,type_2,color_2,x_2,y_2,x_vel_2,y_vel_2,angle_2,kind,id_1,type_1,color_1,x_1,y_1,x_vel_1,y_vel_1,angle_1,id_2,type_2,color_2,x_2,y_2,x_vel_2,y_vel_2,angle_2,kind,id_1,type_1,color_1,x_1,y_1,x_vel_1,y_vel_1,angle_1,id_2,type_2,color_2,x_2,y_2,x_vel_2,y_vel_2,angle_2,kind,id_1,type_1,color_1,x_1,y_1,x_vel_1,y_vel_1,angle_1,id_2,type_2,color_2,x_2,y_2,x_vel_2,y_vel_2,angle_2,kind,id_1,type_1,color_1,x_1,y_1,x_vel_1,y_vel_1,angle_1,id_2,type_2,color_2,x_2,y_2,x_vel_2,y_vel_2,angle_2,kind,id_1,type_1,color_1,x_1,y_1,x_vel_1,y_vel_1,angle_1,id_2,type_2,color_2,x_2,y_2,x_vel_2,y_vel_2,angle_2,kind,id_1,type_1,color_1,x_1,y_1,x_vel_1,y_vel_1,angle_1,id_2,type_2,color_2,x_2,y_2,x_vel_2,y_vel_2,angle_2,kind,id_1,type_1,color_1,x_1,y_1,x_vel_1,y_vel_1,angle_1,id_2,type_2,color_2,x_2,y_2,x_vel_2,y_vel_2,angle_2,kind,id_1,type_1,color_1,x_1,y_1,x_vel_1,y_vel_1,angle_1,id_2,type_2,color_2,x_2,y_2,x_vel_2,y_vel_2,angle_2,kind,id_1,type_1,color_1,x_1,y_1,x_vel_1,y_vel_1,angle_1,id_2,type_2,color_2,x_2,y_2,x_vel_2,y_vel_2,angle_2,kind,id_1,type_1,color_1,x_1,y_1,x_vel_1,y_vel_1,angle_1,id_2,type_2,color_2,x_2,y_2,x_vel_2,y_vel_2,angle_2,kind,id_1,type_1,color_1,x_1,y_1,x_vel_1,y_vel_1,angle_1,id_2,type_2,color_2,x_2,y_2,x_vel_2,y_vel_2,angle_2,kind,id_1,type_1,color_1,x_1,y_1,x_vel_1,y_vel_1,angle_1,id_2,type_2,color_2,x_2,y_2,x_vel_2,y_vel_2,angle_2,kind,id_1,type_1,color_1,x_1,y_1,x_vel_1,y_vel_1,angle_1,id_2,type_2,color_2,x_2,y_2,x_vel_2,y_vel_2,angle_2,kind,id_1,type_1,color_1,x_1,y_1,x_vel_1,y_vel_1,angle_1,id_2,type_2,color_2,x_2,y_2,x_vel_2,y_vel_2,angle_2,kind,id_1,type_1,color_1,x_1,y_1,x_vel_1,y_vel_1,angle_1,id_2,type_2,color_2,x_2,y_2,x_vel_2,y_vel_2,angle_2,kind,id_1,type_1,color_1,x_1,y_1,x_vel_1,y_vel_1,angle_1,id_2,type_2,color_2,x_2,y_2,x_vel_2,y_vel_2,angle_2,kind,id_1,type_1,color_1,x_1,y_1,x_vel_1,y_vel_1,angle_1,id_2,type_2,color_2,x_2,y_2,x_vel_2,y_vel_2,angle_2,kind,id_1,type_1,color_1,x_1,y_1,x_vel_1,y_vel_1,angle_1,id_2,type_2,color_2,x_2,y_2,x_vel_2,y_vel_2,angle_2,kind,id_1,type_1,color_1,x_1,y_1,x_vel_1,y_vel_1,angle_1,id_2,type_2,color_2,x_2,y_2,x_vel_2,y_vel_2,angle_2,kind,id_1,type_1,color_1,x_1,y_1,x_vel_1,y_vel_1,angle_1,id_2,type_2,color_2,x_2,y_2,x_vel_2,y_vel_2,angle_2,kind,id_1,type_1,color_1,x_1,y_1,x_vel_1,y_vel_1,angle_1,id_2,type_2,color_2,x_2,y_2,x_vel_2,y_vel_2,angle_2,kind,id_1,type_1,color_1,x_1,y_1,x_vel_1,y_vel_1,angle_1,id_2,type_2,color_2,x_2,y_2,x_vel_2,y_vel_2,angle_2,kind,id_1,type_1,color_1,x_1,y_1,x_vel_1,y_vel_1,angle_1,id_2,type_2,color_2,x_2,y_2,x_vel_2,y_vel_2,angle_2,kind,id_1,type_1,color_1,x_1,y_1,x_vel_1,y_vel_1,angle_1,id_2,type_2,color_2,x_2,y_2,x_vel_2,y_vel_2,angle_2,kind,id_1,type_1,color_1,x_1,y_1,x_vel_1,y_vel_1,angle_1,id_2,type_2,color_2,x_2,y_2,x_vel_2,y_vel_2,angle_2,kind,id_1,type_1,color_1,x_1,y_1,x_vel_1,y_vel_1,angle_1,id_2,type_2,color_2,x_2,y_2,x_vel_2,y_vel_2,angle_2,kind,id_1,type_1,color_1,x_1,y_1,x_vel_1,y_vel_1,angle_1,id_2,type_2,color_2,x_2,y_2,x_vel_2,y_vel_2,angle_2,kind,id_1,type_1,color_1,x_1,y_1,x_vel_1,y_vel_1,angle_1,id_2,type_2,color_2,x_2,y_2,x_vel_2,y_vel_2,angle_2,kind,id_1,type_1,color_1,x_1,y_1,x_vel_1,y_vel_1,angle_1,id_2,type_2,color_2,x_2,y_2,x_vel_2,y_vel_2,angle_2,kind,id_1,type_1,color_1,x_1,y_1,x_vel_1,y_vel_1,angle_1,id_2,type_2,color_2,x_2,y_2,x_vel_2,y_vel_2,angle_2,kind,id_1,type_1,color_1,x_1,y_1,x_vel_1,y_vel_1,angle_1,id_2,type_2,color_2,x_2,y_2,x_vel_2,y_vel_2,angle_2,kind,id_1,type_1,color_1,x_1,y_1,x_vel_1,y_vel_1,angle_1,id_2,type_2,color_2,x_2,y_2,x_vel_2,y_vel_2,angle_2,kind,id_1,type_1,color_1,x_1,y_1,x_vel_1,y_vel_1,angle_1,id_2,type_2,color_2,x_2,y_2,x_vel_2,y_vel_2,angle_2,kind,id_1,type_1,color_1,x_1,y_1,x_vel_1,y_vel_1,angle_1,id_2,type_2,color_2,x_2,y_2,x_vel_2,y_vel_2,angle_2,kind,id_1,type_1,color_1,x_1,y_1,x_vel_1,y_vel_1,angle_1,id_2,type_2,color_2,x_2,y_2,x_vel_2,y_vel_2,angle_2,kind,id_1,type_1,color_1,x_1,y_1,x_vel_1,y_vel_1,angle_1,id_2,type_2,color_2,x_2,y_2,x_vel_2,y_vel_2,angle_2,kind,id_1,type_1,color_1,x_1,y_1,x_vel_1,y_vel_1,angle_1,id_2,type_2,color_2,x_2,y_2,x_vel_2,y_vel_2,angle_2,kind,id_1,type_1,color_1,x_1,y_1,x_vel_1,y_vel_1,angle_1,id_2,type_2,color_2,x_2,y_2,x_vel_2,y_vel_2,angle_2,kind,id_1,type_1,color_1,x_1,y_1,x_vel_1,y_vel_1,angle_1,id_2,type_2,color_2,x_2,y_2,x_vel_2,y_vel_2,angle_2,kind,id_1,type_1,color_1,x_1,y_1,x_vel_1,y_vel_1,angle_1,id_2,type_2,color_2,x_2,y_2,x_vel_2,y_vel_2,angle_2,kind,id_1,type_1,color_1,x_1,y_1,x_vel_1,y_vel_1,angle_1,id_2,type_2,color_2,x_2,y_2,x_vel_2,y_vel_2,angle_2,kind,id_1,type_1,color_1,x_1,y_1,x_vel_1,y_vel_1,angle_1,id_2,type_2,color_2,x_2,y_2,x_vel_2,y_vel_2,angle_2,kind,id_1,type_1,color_1,x_1,y_1,x_vel_1,y_vel_1,angle_1,id_2,type_2,color_2,x_2,y_2,x_vel_2,y_vel_2,angle_2,kind,id_1,type_1,color_1,x_1,y_1,x_vel_1,y_vel_1,angle_1,id_2,type_2,color_2,x_2,y_2,x_vel_2,y_vel_2,angle_2,kind,id_1,type_1,color_1,x_1,y_1,x_vel_1,y_vel_1,angle_1,id_2,type_2,color_2,x_2,y_2,x_vel_2,y_vel_2,angle_2,kind,id_1,type_1,color_1,x_1,y_1,x_vel_1,y_vel_1,angle_1,id_2,type_2,color_2,x_2,y_2,x_vel_2,y_vel_2,angle_2,kind,id_1,type_1,color_1,x_1,y_1,x_vel_1,y_vel_1,angle_1,id_2,type_2,color_2,x_2,y_2,x_vel_2,y_vel_2,angle_2,kind,id_1,type_1,color_1,x_1,y_1,x_vel_1,y_vel_1,angle_1,id_2,type_2,color_2,x_2,y_2,x_vel_2,y_vel_2,angle_2,kind,id_1,type_1,color_1,x_1,y_1,x_vel_1,y_vel_1,angle_1,id_2,type_2,color_2,x_2,y_2,x_vel_2,y_vel_2,angle_2,kind,id_1,type_1,color_1,x_1,y_1,x_vel_1,y_vel_1,angle_1,id_2,type_2,color_2,x_2,y_2,x_vel_2,y_vel_2,angle_2,kind,id_1,type_1,color_1,x_1,y_1,x_vel_1,y_vel_1,angle_1,id_2,type_2,color_2,x_2,y_2,x_vel_2,y_vel_2,angle_2,kind,id_1,type_1,color_1,x_1,y_1,x_vel_1,y_vel_1,angle_1,id_2,type_2,color_2,x_2,y_2,x_vel_2,y_vel_2,angle_2,kind,id_1,type_1,color_1,x_1,y_1,x_vel_1,y_vel_1,angle_1,id_2,type_2,color_2,x_2,y_2,x_vel_2,y_vel_2,angle_2,kind,id_1,type_1,color_1,x_1,y_1,x_vel_1,y_vel_1,angle_1,id_2,type_2,color_2,x_2,y_2,x_vel_2,y_vel_2,angle_2,kind,id_1,type_1,color_1,x_1,y_1,x_vel_1,y_vel_1,angle_1,id_2,type_2,color_2,x_2,y_2,x_vel_2,y_vel_2,angle_2,kind,id_1,type_1,color_1,x_1,y_1,x_vel_1,y_vel_1,angle_1,id_2,type_2,color_2,x_2,y_2,x_vel_2,y_vel_2,angle_2,kind,id_1,type_1,color_1,x_1,y_1,x_vel_1,y_vel_1,angle_1,id_2,type_2,color_2,x_2,y_2,x_vel_2,y_vel_2,angle_2,kind,id_1,type_1,color_1,x_1,y_1,x_vel_1,y_vel_1,angle_1,id_2,type_2,color_2,x_2,y_2,x_vel_2,y_vel_2,angle_2,kind,id_1,type_1,color_1,x_1,y_1,x_vel_1,y_vel_1,angle_1,id_2,type_2,color_2,x_2,y_2,x_vel_2,y_vel_2,angle_2,kind,id_1,type_1,color_1,x_1,y_1,x_vel_1,y_vel_1,angle_1,id_2,type_2,color_2,x_2,y_2,x_vel_2,y_vel_2,angle_2,kind,id_1,type_1,color_1,x_1,y_1,x_vel_1,y_vel_1,angle_1,id_2,type_2,color_2,x_2,y_2,x_vel_2,y_vel_2,angle_2,kind,id_1,type_1,color_1,x_1,y_1,x_vel_1,y_vel_1,angle_1,id_2,type_2,color_2,x_2,y_2,x_vel_2,y_vel_2,angle_2,kind,id_1,type_1,color_1,x_1,y_1,x_vel_1,y_vel_1,angle_1,id_2,type_2,color_2,x_2,y_2,x_vel_2,y_vel_2,angle_2,kind,id_1,type_1,color_1,x_1,y_1,x_vel_1,y_vel_1,angle_1,id_2,type_2,color_2,x_2,y_2,x_vel_2,y_vel_2,angle_2,kind,id_1,type_1,color_1,x_1,y_1,x_vel_1,y_vel_1,angle_1,id_2,type_2,color_2,x_2,y_2,x_vel_2,y_vel_2,angle_2,kind,id_1,type_1,color_1,x_1,y_1,x_vel_1,y_vel_1,angle_1,id_2,type_2,color_2,x_2,y_2,x_vel_2,y_vel_2,angle_2,kind,id_1,type_1,color_1,x_1,y_1,x_vel_1,y_vel_1,angle_1,id_2,type_2,color_2,x_2,y_2,x_vel_2,y_vel_2,angle_2,kind,id_1,type_1,color_1,x_1,y_1,x_vel_1,y_vel_1,angle_1,id_2,type_2,color_2,x_2,y_2,x_vel_2,y_vel_2,angle_2,kind,id_1,type_1,color_1,x_1,y_1,x_vel_1,y_vel_1,angle_1,id_2,type_2,color_2,x_2,y_2,x_vel_2,y_vel_2,angle_2,kind,id_1,type_1,color_1,x_1,y_1,x_vel_1,y_vel_1,angle_1,id_2,type_2,color_2,x_2,y_2,x_vel_2,y_vel_2,angle_2,kind,id_1,type_1,color_1,x_1,y_1,x_vel_1,y_vel_1,angle_1,id_2,type_2,color_2,x_2,y_2,x_vel_2,y_vel_2,angle_2,kind,id_1,type_1,color_1,x_1,y_1,x_vel_1,y_vel_1,angle_1,id_2,type_2,color_2,x_2,y_2,x_vel_2,y_vel_2,angle_2,kind,id_1,type_1,color_1,x_1,y_1,x_vel_1,y_vel_1,angle_1,id_2,type_2,color_2,x_2,y_2,x_vel_2,y_vel_2,angle_2,kind,id_1,type_1,color_1,x_1,y_1,x_vel_1,y_vel_1,angle_1,id_2,type_2,color_2,x_2,y_2,x_vel_2,y_vel_2,angle_2,kind,id_1,type_1,color_1,x_1,y_1,x_vel_1,y_vel_1,angle_1,id_2,type_2,color_2,x_2,y_2,x_vel_2,y_vel_2,angle_2,kind,id_1,type_1,color_1,x_1,y_1,x_vel_1,y_vel_1,angle_1,id_2,type_2,color_2,x_2,y_2,x_vel_2,y_vel_2,angle_2,kind,id_1,type_1,color_1,x_1,y_1,x_vel_1,y_vel_1,angle_1,id_2,type_2,color_2,x_2,y_2,x_vel_2,y_vel_2,angle_2,kind,id_1,type_1,color_1,x_1,y_1,x_vel_1,y_vel_1,angle_1,id_2,type_2,color_2,x_2,y_2,x_vel_2,y_vel_2,angle_2,kind,id_1,type_1,color_1,x_1,y_1,x_vel_1,y_vel_1,angle_1,id_2,type_2,color_2,x_2,y_2,x_vel_2,y_vel_2,angle_2,kind,id_1,type_1,color_1,x_1,y_1,x_vel_1,y_vel_1,angle_1,id_2,type_2,color_2,x_2,y_2,x_vel_2,y_vel_2,angle_2,kind,id_1,type_1,color_1,x_1,y_1,x_vel_1,y_vel_1,angle_1,id_2,type_2,color_2,x_2,y_2,x_vel_2,y_vel_2,angle_2,kind,id_1,type_1,color_1,x_1,y_1,x_vel_1,y_vel_1,angle_1,id_2,type_2,color_2,x_2,y_2,x_vel_2,y_vel_2,angle_2,kind,id_1,type_1,color_1,x_1,y_1,x_vel_1,y_vel_1,angle_1,id_2,type_2,color_2,x_2,y_2,x_vel_2,y_vel_2,angle_2,kind,id_1,type_1,color_1,x_1,y_1,x_vel_1,y_vel_1,angle_1,id_2,type_2,color_2,x_2,y_2,x_vel_2,y_vel_2,angle_2,kind,id_1,type_1,color_1,x_1,y_1,x_vel_1,y_vel_1,angle_1,id_2,type_2,color_2,x_2,y_2,x_vel_2,y_vel_2,angle_2,kind,id_1,type_1,color_1,x_1,y_1,x_vel_1,y_vel_1,angle_1,id_2,type_2,color_2,x_2,y_2,x_vel_2,y_vel_2,angle_2,kind,id_1,type_1,color_1,x_1,y_1,x_vel_1,y_vel_1,angle_1,id_2,type_2,color_2,x_2,y_2,x_vel_2,y_vel_2,angle_2,kind,id_1,type_1,color_1,x_1,y_1,x_vel_1,y_vel_1,angle_1,id_2,type_2,color_2,x_2,y_2,x_vel_2,y_vel_2,angle_2,kind,id_1,type_1,color_1,x_1,y_1,x_vel_1,y_vel_1,angle_1,id_2,type_2,color_2,x_2,y_2,x_vel_2,y_vel_2,angle_2,kind,id_1,type_1,color_1,x_1,y_1,x_vel_1,y_vel_1,angle_1,id_2,type_2,color_2,x_2,y_2,x_vel_2,y_vel_2,angle_2,kind,id_1,type_1,color_1,x_1,y_1,x_vel_1,y_vel_1,angle_1,id_2,type_2,color_2,x_2,y_2,x_vel_2,y_vel_2,angle_2,kind,id_1,type_1,color_1,x_1,y_1,x_vel_1,y_vel_1,angle_1,id_2,type_2,color_2,x_2,y_2,x_vel_2,y_vel_2,angle_2,kind,id_1,type_1,color_1,x_1,y_1,x_vel_1,y_vel_1,angle_1,id_2,type_2,color_2,x_2,y_2,x_vel_2,y_vel_2,angle_2,kind,id_1,type_1,color_1,x_1,y_1,x_vel_1,y_vel_1,angle_1,id_2,type_2,color_2,x_2,y_2,x_vel_2,y_vel_2,angle_2,kind,id_1,type_1,color_1,x_1,y_1,x_vel_1,y_vel_1,angle_1,id_2,type_2,color_2,x_2,y_2,x_vel_2,y_vel_2,angle_2,kind,id_1,type_1,color_1,x_1,y_1,x_vel_1,y_vel_1,angle_1,id_2,type_2,color_2,x_2,y_2,x_vel_2,y_vel_2,angle_2,kind,id_1,type_1,color_1,x_1,y_1,x_vel_1,y_vel_1,angle_1,id_2,type_2,color_2,x_2,y_2,x_vel_2,y_vel_2,angle_2,kind,id_1,type_1,color_1,x_1,y_1,x_vel_1,y_vel_1,angle_1,id_2,type_2,color_2,x_2,y_2,x_vel_2,y_vel_2,angle_2,kind,id_1,type_1,color_1,x_1,y_1,x_vel_1,y_vel_1,angle_1,id_2,type_2,color_2,x_2,y_2,x_vel_2,y_vel_2,angle_2,kind,id_1,type_1,color_1,x_1,y_1,x_vel_1,y_vel_1,angle_1,id_2,type_2,color_2,x_2,y_2,x_vel_2,y_vel_2,angle_2,kind,id_1,type_1,color_1,x_1,y_1,x_vel_1,y_vel_1,angle_1,id_2,type_2,color_2,x_2,y_2,x_vel_2,y_vel_2,angle_2,kind,id_1,type_1,color_1,x_1,y_1,x_vel_1,y_vel_1,angle_1,id_2,type_2,color_2,x_2,y_2,x_vel_2,y_vel_2,angle_2,kind,id_1,type_1,color_1,x_1,y_1,x_vel_1,y_vel_1,angle_1,id_2,type_2,color_2,x_2,y_2,x_vel_2,y_vel_2,angle_2,kind,id_1,type_1,color_1,x_1,y_1,x_vel_1,y_vel_1,angle_1,id_2,type_2,color_2,x_2,y_2,x_vel_2,y_vel_2,angle_2,kind,id_1,type_1,color_1,x_1,y_1,x_vel_1,y_vel_1,angle_1,id_2,type_2,color_2,x_2,y_2,x_vel_2,y_vel_2,angle_2,kind,id_1,type_1,color_1,x_1,y_1,x_vel_1,y_vel_1,angle_1,id_2,type_2,color_2,x_2,y_2,x_vel_2,y_vel_2,angle_2,kind,id_1,type_1,color_1,x_1,y_1,x_vel_1,y_vel_1,angle_1,id_2,type_2,color_2,x_2,y_2,x_vel_2,y_vel_2,angle_2,kind,id_1,type_1,color_1,x_1,y_1,x_vel_1,y_vel_1,angle_1,id_2,type_2,color_2,x_2,y_2,x_vel_2,y_vel_2,angle_2,kind,id_1,type_1,color_1,x_1,y_1,x_vel_1,y_vel_1,angle_1,id_2,type_2,color_2,x_2,y_2,x_vel_2,y_vel_2,angle_2,kind,id_1,type_1,color_1,x_1,y_1,x_vel_1,y_vel_1,angle_1,id_2,type_2,color_2,x_2,y_2,x_vel_2,y_vel_2,angle_2,kind,id_1,type_1,color_1,x_1,y_1,x_vel_1,y_vel_1,angle_1,id_2,type_2,color_2,x_2,y_2,x_vel_2,y_vel_2,angle_2,kind,id_1,type_1,color_1,x_1,y_1,x_vel_1,y_vel_1,angle_1,id_2,type_2,color_2,x_2,y_2,x_vel_2,y_vel_2,angle_2,kind,id_1,type_1,color_1,x_1,y_1,x_vel_1,y_vel_1,angle_1,id_2,type_2,color_2,x_2,y_2,x_vel_2,y_vel_2,angle_2,kind,id_1,type_1,color_1,x_1,y_1,x_vel_1,y_vel_1,angle_1,id_2,type_2,color_2,x_2,y_2,x_vel_2,y_vel_2,angle_2,kind,id_1,type_1,color_1,x_1,y_1,x_vel_1,y_vel_1,angle_1,id_2,type_2,color_2,x_2,y_2,x_vel_2,y_vel_2,angle_2,kind,id_1,type_1,color_1,x_1,y_1,x_vel_1,y_vel_1,angle_1,id_2,type_2,color_2,x_2,y_2,x_vel_2,y_vel_2,angle_2,kind,id_1,type_1,color_1,x_1,y_1,x_vel_1,y_vel_1,angle_1,id_2,type_2,color_2,x_2,y_2,x_vel_2,y_vel_2,angle_2,kind,id_1,type_1,color_1,x_1,y_1,x_vel_1,y_vel_1,angle_1,id_2,type_2,color_2,x_2,y_2,x_vel_2,y_vel_2,angle_2,kind,id_1,type_1,color_1,x_1,y_1,x_vel_1,y_vel_1,angle_1,id_2,type_2,color_2,x_2,y_2,x_vel_2,y_vel_2,angle_2,kind,id_1,type_1,color_1,x_1,y_1,x_vel_1,y_vel_1,angle_1,id_2,type_2,color_2,x_2,y_2,x_vel_2,y_vel_2,angle_2,kind,id_1,type_1,color_1,x_1,y_1,x_vel_1,y_vel_1,angle_1,id_2,type_2,color_2,x_2,y_2,x_vel_2,y_vel_2,angle_2,kind,id_1,type_1,color_1,x_1,y_1,x_vel_1,y_vel_1,angle_1,id_2,type_2,color_2,x_2,y_2,x_vel_2,y_vel_2,angle_2,kind,id_1,type_1,color_1,x_1,y_1,x_vel_1,y_vel_1,angle_1,id_2,type_2,color_2,x_2,y_2,x_vel_2,y_vel_2,angle_2,kind,id_1,type_1,color_1,x_1,y_1,x_vel_1,y_vel_1,angle_1,id_2,type_2,color_2,x_2,y_2,x_vel_2,y_vel_2,angle_2,kind,id_1,type_1,color_1,x_1,y_1,x_vel_1,y_vel_1,angle_1,id_2,type_2,color_2,x_2,y_2,x_vel_2,y_vel_2,angle_2,kind,id_1,type_1,color_1,x_1,y_1,x_vel_1,y_vel_1,angle_1,id_2,type_2,color_2,x_2,y_2,x_vel_2,y_vel_2,angle_2,kind,id_1,type_1,color_1,x_1,y_1,x_vel_1,y_vel_1,angle_1,id_2,type_2,color_2,x_2,y_2,x_vel_2,y_vel_2,angle_2,kind,id_1,type_1,color_1,x_1,y_1,x_vel_1,y_vel_1,angle_1,id_2,type_2,color_2,x_2,y_2,x_vel_2,y_vel_2,angle_2,kind,id_1,type_1,color_1,x_1,y_1,x_vel_1,y_vel_1,angle_1,id_2,type_2,color_2,x_2,y_2,x_vel_2,y_vel_2,angle_2,kind,id_1,type_1,color_1,x_1,y_1,x_vel_1,y_vel_1,angle_1,id_2,type_2,color_2,x_2,y_2,x_vel_2,y_vel_2,angle_2,kind,id_1,type_1,color_1,x_1,y_1,x_vel_1,y_vel_1,angle_1,id_2,type_2,color_2,x_2,y_2,x_vel_2,y_vel_2,angle_2,kind,id_1,type_1,color_1,x_1,y_1,x_vel_1,y_vel_1,angle_1,id_2,type_2,color_2,x_2,y_2,x_vel_2,y_vel_2,angle_2,kind,id_1,type_1,color_1,x_1,y_1,x_vel_1,y_vel_1,angle_1,id_2,type_2,color_2,x_2,y_2,x_vel_2,y_vel_2,angle_2,kind,id_1,type_1,color_1,x_1,y_1,x_vel_1,y_vel_1,angle_1,id_2,type_2,color_2,x_2,y_2,x_vel_2,y_vel_2,angle_2,kind,id_1,type_1,color_1,x_1,y_1,x_vel_1,y_vel_1,angle_1,id_2,type_2,color_2,x_2,y_2,x_vel_2,y_vel_2,angle_2,kind,id_1,type_1,color_1,x_1,y_1,x_vel_1,y_vel_1,angle_1,id_2,type_2,color_2,x_2,y_2,x_vel_2,y_vel_2,angle_2,kind,id_1,type_1,color_1,x_1,y_1,x_vel_1,y_vel_1,angle_1,id_2,type_2,color_2,x_2,y_2,x_vel_2,y_vel_2,angle_2,kind,id_1,type_1,color_1,x_1,y_1,x_vel_1,y_vel_1,angle_1,id_2,type_2,color_2,x_2,y_2,x_vel_2,y_vel_2,angle_2,kind,id_1,type_1,color_1,x_1,y_1,x_vel_1,y_vel_1,angle_1,id_2,type_2,color_2,x_2,y_2,x_vel_2,y_vel_2,angle_2,kind,id_1,type_1,color_1,x_1,y_1,x_vel_1,y_vel_1,angle_1,id_2,type_2,color_2,x_2,y_2,x_vel_2,y_vel_2,angle_2,kind,id_1,type_1,color_1,x_1,y_1,x_vel_1,y_vel_1,angle_1,id_2,type_2,color_2,x_2,y_2,x_vel_2,y_vel_2,angle_2,kind,id_1,type_1,color_1,x_1,y_1,x_vel_1,y_vel_1,angle_1,id_2,type_2,color_2,x_2,y_2,x_vel_2,y_vel_2,angle_2,kind,id_1,type_1,color_1,x_1,y_1,x_vel_1,y_vel_1,angle_1,id_2,type_2,color_2,x_2,y_2,x_vel_2,y_vel_2,angle_2,kind,id_1,type_1,color_1,x_1,y_1,x_vel_1,y_vel_1,angle_1,id_2,type_2,color_2,x_2,y_2,x_vel_2,y_vel_2,angle_2,kind,id_1,type_1,color_1,x_1,y_1,x_vel_1,y_vel_1,angle_1,id_2,type_2,color_2,x_2,y_2,x_vel_2,y_vel_2,angle_2,kind,id_1,type_1,color_1,x_1,y_1,x_vel_1,y_vel_1,angle_1,id_2,type_2,color_2,x_2,y_2,x_vel_2,y_vel_2,angle_2,kind,id_1,type_1,color_1,x_1,y_1,x_vel_1,y_vel_1,angle_1,id_2,type_2,color_2,x_2,y_2,x_vel_2,y_vel_2,angle_2,kind,id_1,type_1,color_1,x_1,y_1,x_vel_1,y_vel_1,angle_1,id_2,type_2,color_2,x_2,y_2,x_vel_2,y_vel_2,angle_2,kind,id_1,type_1,color_1,x_1,y_1,x_vel_1,y_vel_1,angle_1,id_2,type_2,color_2,x_2,y_2,x_vel_2,y_vel_2,angle_2,kind,id_1,type_1,color_1,x_1,y_1,x_vel_1,y_vel_1,angle_1,id_2,type_2,color_2,x_2,y_2,x_vel_2,y_vel_2,angle_2,kind,id_1,type_1,color_1,x_1,y_1,x_vel_1,y_vel_1,angle_1,id_2,type_2,color_2,x_2,y_2,x_vel_2,y_vel_2,angle_2,kind,id_1,type_1,color_1,x_1,y_1,x_vel_1,y_vel_1,angle_1,id_2,type_2,color_2,x_2,y_2,x_vel_2,y_vel_2,angle_2,kind,id_1,type_1,color_1,x_1,y_1,x_vel_1,y_vel_1,angle_1,id_2,type_2,color_2,x_2,y_2,x_vel_2,y_vel_2,angle_2,kind,id_1,type_1,color_1,x_1,y_1,x_vel_1,y_vel_1,angle_1,id_2,type_2,color_2,x_2,y_2,x_vel_2,y_vel_2,angle_2,kind,id_1,type_1,color_1,x_1,y_1,x_vel_1,y_vel_1,angle_1,id_2,type_2,color_2,x_2,y_2,x_vel_2,y_vel_2,angle_2,kind,id_1,type_1,color_1,x_1,y_1,x_vel_1,y_vel_1,angle_1,id_2,type_2,color_2,x_2,y_2,x_vel_2,y_vel_2,angle_2,kind,id_1,type_1,color_1,x_1,y_1,x_vel_1,y_vel_1,angle_1,id_2,type_2,color_2,x_2,y_2,x_vel_2,y_vel_2,angle_2,kind,id_1,type_1,color_1,x_1,y_1,x_vel_1,y_vel_1,angle_1,id_2,type_2,color_2,x_2,y_2,x_vel_2,y_vel_2,angle_2,kind,id_1,type_1,color_1,x_1,y_1,x_vel_1,y_vel_1,angle_1,id_2,type_2,color_2,x_2,y_2,x_vel_2,y_vel_2,angle_2,kind,id_1,type_1,color_1,x_1,y_1,x_vel_1,y_vel_1,angle_1,id_2,type_2,color_2,x_2,y_2,x_vel_2,y_vel_2,angle_2,kind,id_1,type_1,color_1,x_1,y_1,x_vel_1,y_vel_1,angle_1,id_2,type_2,color_2,x_2,y_2,x_vel_2,y_vel_2,angle_2,kind,id_1,type_1,color_1,x_1,y_1,x_vel_1,y_vel_1,angle_1,id_2,type_2,color_2,x_2,y_2,x_vel_2,y_vel_2,angle_2,kind,id_1,type_1,color_1,x_1,y_1,x_vel_1,y_vel_1,angle_1,id_2,type_2,color_2,x_2,y_2,x_vel_2,y_vel_2,angle_2,kind,id_1,type_1,color_1,x_1,y_1,x_vel_1,y_vel_1,angle_1,id_2,type_2,color_2,x_2,y_2,x_vel_2,y_vel_2,angle_2,kind,id_1,type_1,color_1,x_1,y_1,x_vel_1,y_vel_1,angle_1,id_2,type_2,color_2,x_2,y_2,x_vel_2,y_vel_2,angle_2,kind,id_1,type_1,color_1,x_1,y_1,x_vel_1,y_vel_1,angle_1,id_2,type_2,color_2,x_2,y_2,x_vel_2,y_vel_2,angle_2,kind,id_1,type_1,color_1,x_1,y_1,x_vel_1,y_vel_1,angle_1,id_2,type_2,color_2,x_2,y_2,x_vel_2,y_vel_2,angle_2,kind,id_1,type_1,color_1,x_1,y_1,x_vel_1,y_vel_1,angle_1,id_2,type_2,color_2,x_2,y_2,x_vel_2,y_vel_2,angle_2,kind,id_1,type_1,color_1,x_1,y_1,x_vel_1,y_vel_1,angle_1,id_2,type_2,color_2,x_2,y_2,x_vel_2,y_vel_2,angle_2,kind,id_1,type_1,color_1,x_1,y_1,x_vel_1,y_vel_1,angle_1,id_2,type_2,color_2,x_2,y_2,x_vel_2,y_vel_2,angle_2,kind,id_1,type_1,color_1,x_1,y_1,x_vel_1,y_vel_1,angle_1,id_2,type_2,color_2,x_2,y_2,x_vel_2,y_vel_2,angle_2,kind,id_1,type_1,color_1,x_1,y_1,x_vel_1,y_vel_1,angle_1,id_2,type_2,color_2,x_2,y_2,x_vel_2,y_vel_2,angle_2,kind,id_1,type_1,color_1,x_1,y_1,x_vel_1,y_vel_1,angle_1,id_2,type_2,color_2,x_2,y_2,x_vel_2,y_vel_2,angle_2,kind,id_1,type_1,color_1,x_1,y_1,x_vel_1,y_vel_1,angle_1,id_2,type_2,color_2,x_2,y_2,x_vel_2,y_vel_2,angle_2,kind,id_1,type_1,color_1,x_1,y_1,x_vel_1,y_vel_1,angle_1,id_2,type_2,color_2,x_2,y_2,x_vel_2,y_vel_2,angle_2,kind,id_1,type_1,color_1,x_1,y_1,x_vel_1,y_vel_1,angle_1,id_2,type_2,color_2,x_2,y_2,x_vel_2,y_vel_2,angle_2,kind,id_1,type_1,color_1,x_1,y_1,x_vel_1,y_vel_1,angle_1,id_2,type_2,color_2,x_2,y_2,x_vel_2,y_vel_2,angle_2,kind,id_1,type_1,color_1,x_1,y_1,x_vel_1,y_vel_1,angle_1,id_2,type_2,color_2,x_2,y_2,x_vel_2,y_vel_2,angle_2,kind,id_1,type_1,color_1,x_1,y_1,x_vel_1,y_vel_1,angle_1,id_2,type_2,color_2,x_2,y_2,x_vel_2,y_vel_2,angle_2,kind,id_1,type_1,color_1,x_1,y_1,x_vel_1,y_vel_1,angle_1,id_2,type_2,color_2,x_2,y_2,x_vel_2,y_vel_2,angle_2,kind,id_1,type_1,color_1,x_1,y_1,x_vel_1,y_vel_1,angle_1,id_2,type_2,color_2,x_2,y_2,x_vel_2,y_vel_2,angle_2,kind,id_1,type_1,color_1,x_1,y_1,x_vel_1,y_vel_1,angle_1,id_2,type_2,color_2,x_2,y_2,x_vel_2,y_vel_2,angle_2,kind,id_1,type_1,color_1,x_1,y_1,x_vel_1,y_vel_1,angle_1,id_2,type_2,color_2,x_2,y_2,x_vel_2,y_vel_2,angle_2,kind,id_1,type_1,color_1,x_1,y_1,x_vel_1,y_vel_1,angle_1,id_2,type_2,color_2,x_2,y_2,x_vel_2,y_vel_2,angle_2,kind,id_1,type_1,color_1,x_1,y_1,x_vel_1,y_vel_1,angle_1,id_2,type_2,color_2,x_2,y_2,x_vel_2,y_vel_2,angle_2,kind,id_1,type_1,color_1,x_1,y_1,x_vel_1,y_vel_1,angle_1,id_2,type_2,color_2,x_2,y_2,x_vel_2,y_vel_2,angle_2,kind,id_1,type_1,color_1,x_1,y_1,x_vel_1,y_vel_1,angle_1,id_2,type_2,color_2,x_2,y_2,x_vel_2,y_vel_2,angle_2,kind,id_1,type_1,color_1,x_1,y_1,x_vel_1,y_vel_1,angle_1,id_2,type_2,color_2,x_2,y_2,x_vel_2,y_vel_2,angle_2,kind,id_1,type_1,color_1,x_1,y_1,x_vel_1,y_vel_1,angle_1,id_2,type_2,color_2,x_2,y_2,x_vel_2,y_vel_2,angle_2,kind,id_1,type_1,color_1,x_1,y_1,x_vel_1,y_vel_1,angle_1,id_2,type_2,color_2,x_2,y_2,x_vel_2,y_vel_2,angle_2,kind,id_1,type_1,color_1,x_1,y_1,x_vel_1,y_vel_1,angle_1,id_2,type_2,color_2,x_2,y_2,x_vel_2,y_vel_2,angle_2,kind,id_1,type_1,color_1,x_1,y_1,x_vel_1,y_vel_1,angle_1,id_2,type_2,color_2,x_2,y_2,x_vel_2,y_vel_2,angle_2,kind,id_1,type_1,color_1,x_1,y_1,x_vel_1,y_vel_1,angle_1,id_2,type_2,color_2,x_2,y_2,x_vel_2,y_vel_2,angle_2,kind,id_1,type_1,color_1,x_1,y_1,x_vel_1,y_vel_1,angle_1,id_2,type_2,color_2,x_2,y_2,x_vel_2,y_vel_2,angle_2,kind,id_1,type_1,color_1,x_1,y_1,x_vel_1,y_vel_1,angle_1,id_2,type_2,color_2,x_2,y_2,x_vel_2,y_vel_2,angle_2,kind,id_1,type_1,color_1,x_1,y_1,x_vel_1,y_vel_1,angle_1,id_2,type_2,color_2,x_2,y_2,x_vel_2,y_vel_2,angle_2,kind,id_1,type_1,color_1,x_1,y_1,x_vel_1,y_vel_1,angle_1,id_2,type_2,color_2,x_2,y_2,x_vel_2,y_vel_2,angle_2,kind,id_1,type_1,color_1,x_1,y_1,x_vel_1,y_vel_1,angle_1,id_2,type_2,color_2,x_2,y_2,x_vel_2,y_vel_2,angle_2,kind,id_1,type_1,color_1,x_1,y_1,x_vel_1,y_vel_1,angle_1,id_2,type_2,color_2,x_2,y_2,x_vel_2,y_vel_2,angle_2,kind,id_1,type_1,color_1,x_1,y_1,x_vel_1,y_vel_1,angle_1,id_2,type_2,color_2,x_2,y_2,x_vel_2,y_vel_2,angle_2,kind,id_1,type_1,color_1,x_1,y_1,x_vel_1,y_vel_1,angle_1,id_2,type_2,color_2,x_2,y_2,x_vel_2,y_vel_2,angle_2,kind,id_1,type_1,color_1,x_1,y_1,x_vel_1,y_vel_1,angle_1,id_2,type_2,color_2,x_2,y_2,x_vel_2,y_vel_2,angle_2,kind,id_1,type_1,color_1,x_1,y_1,x_vel_1,y_vel_1,angle_1,id_2,type_2,color_2,x_2,y_2,x_vel_2,y_vel_2,angle_2,kind,id_1,type_1,color_1,x_1,y_1,x_vel_1,y_vel_1,angle_1,id_2,type_2,color_2,x_2,y_2,x_vel_2,y_vel_2,angle_2,kind,id_1,type_1,color_1,x_1,y_1,x_vel_1,y_vel_1,angle_1,id_2,type_2,color_2,x_2,y_2,x_vel_2,y_vel_2,angle_2,kind,id_1,type_1,color_1,x_1,y_1,x_vel_1,y_vel_1,angle_1,id_2,type_2,color_2,x_2,y_2,x_vel_2,y_vel_2,angle_2,kind,id_1,type_1,color_1,x_1,y_1,x_vel_1,y_vel_1,angle_1,id_2,type_2,color_2,x_2,y_2,x_vel_2,y_vel_2,angle_2,kind,id_1,type_1,color_1,x_1,y_1,x_vel_1,y_vel_1,angle_1,id_2,type_2,color_2,x_2,y_2,x_vel_2,y_vel_2,angle_2,kind,id_1,type_1,color_1,x_1,y_1,x_vel_1,y_vel_1,angle_1,id_2,type_2,color_2,x_2,y_2,x_vel_2,y_vel_2,angle_2,kind,id_1,type_1,color_1,x_1,y_1,x_vel_1,y_vel_1,angle_1,id_2,type_2,color_2,x_2,y_2,x_vel_2,y_vel_2,angle_2,kind,id_1,type_1,color_1,x_1,y_1,x_vel_1,y_vel_1,angle_1,id_2,type_2,color_2,x_2,y_2,x_vel_2,y_vel_2,angle_2,kind,id_1,type_1,color_1,x_1,y_1,x_vel_1,y_vel_1,angle_1,id_2,type_2,color_2,x_2,y_2,x_vel_2,y_vel_2,angle_2,kind,id_1,type_1,color_1,x_1,y_1,x_vel_1,y_vel_1,angle_1,id_2,type_2,color_2,x_2,y_2,x_vel_2,y_vel_2,angle_2,kind,id_1,type_1,color_1,x_1,y_1,x_vel_1,y_vel_1,angle_1,id_2,type_2,color_2,x_2,y_2,x_vel_2,y_vel_2,angle_2,kind,id_1,type_1,color_1,x_1,y_1,x_vel_1,y_vel_1,angle_1,id_2,type_2,color_2,x_2,y_2,x_vel_2,y_vel_2,angle_2,kind,id_1,type_1,color_1,x_1,y_1,x_vel_1,y_vel_1,angle_1,id_2,type_2,color_2,x_2,y_2,x_vel_2,y_vel_2,angle_2,kind,id_1,type_1,color_1,x_1,y_1,x_vel_1,y_vel_1,angle_1,id_2,type_2,color_2,x_2,y_2,x_vel_2,y_vel_2,angle_2,kind,id_1,type_1,color_1,x_1,y_1,x_vel_1,y_vel_1,angle_1,id_2,type_2,color_2,x_2,y_2,x_vel_2,y_vel_2,angle_2,kind,id_1,type_1,color_1,x_1,y_1,x_vel_1,y_vel_1,angle_1,id_2,type_2,color_2,x_2,y_2,x_vel_2,y_vel_2,angle_2,kind,id_1,type_1,color_1,x_1,y_1,x_vel_1,y_vel_1,angle_1,id_2,type_2,color_2,x_2,y_2,x_vel_2,y_vel_2,angle_2,kind,id_1,type_1,color_1,x_1,y_1,x_vel_1,y_vel_1,angle_1,id_2,type_2,color_2,x_2,y_2,x_vel_2,y_vel_2,angle_2,kind,id_1,type_1,color_1,x_1,y_1,x_vel_1,y_vel_1,angle_1,id_2,type_2,color_2,x_2,y_2,x_vel_2,y_vel_2,angle_2,kind,id_1,type_1,color_1,x_1,y_1,x_vel_1,y_vel_1,angle_1,id_2,type_2,color_2,x_2,y_2,x_vel_2,y_vel_2,angle_2,kind,id_1,type_1,color_1,x_1,y_1,x_vel_1,y_vel_1,angle_1,id_2,type_2,color_2,x_2,y_2,x_vel_2,y_vel_2,angle_2,kind,id_1,type_1,color_1,x_1,y_1,x_vel_1,y_vel_1,angle_1,id_2,type_2,color_2,x_2,y_2,x_vel_2,y_vel_2,angle_2,kind,id_1,type_1,color_1,x_1,y_1,x_vel_1,y_vel_1,angle_1,id_2,type_2,color_2,x_2,y_2,x_vel_2,y_vel_2,angle_2,kind,id_1,type_1,color_1,x_1,y_1,x_vel_1,y_vel_1,angle_1,id_2,type_2,color_2,x_2,y_2,x_vel_2,y_vel_2,angle_2,kind,id_1,type_1,color_1,x_1,y_1,x_vel_1,y_vel_1,angle_1,id_2,type_2,color_2,x_2,y_2,x_vel_2,y_vel_2,angle_2,kind,id_1,type_1,color_1,x_1,y_1,x_vel_1,y_vel_1,angle_1,id_2,type_2,color_2,x_2,y_2,x_vel_2,y_vel_2,angle_2,kind,id_1,type_1,color_1,x_1,y_1,x_vel_1,y_vel_1,angle_1,id_2,type_2,color_2,x_2,y_2,x_vel_2,y_vel_2,angle_2,kind,id_1,type_1,color_1,x_1,y_1,x_vel_1,y_vel_1,angle_1,id_2,type_2,color_2,x_2,y_2,x_vel_2,y_vel_2,angle_2,kind,id_1,type_1,color_1,x_1,y_1,x_vel_1,y_vel_1,angle_1,id_2,type_2,color_2,x_2,y_2,x_vel_2,y_vel_2,angle_2,kind,id_1,type_1,color_1,x_1,y_1,x_vel_1,y_vel_1,angle_1,id_2,type_2,color_2,x_2,y_2,x_vel_2,y_vel_2,angle_2,kind,id_1,type_1,color_1,x_1,y_1,x_vel_1,y_vel_1,angle_1,id_2,type_2,color_2,x_2,y_2,x_vel_2,y_vel_2,angle_2,kind,id_1,type_1,color_1,x_1,y_1,x_vel_1,y_vel_1,angle_1,id_2,type_2,color_2,x_2,y_2,x_vel_2,y_vel_2,angle_2,kind,id_1,type_1,color_1,x_1,y_1,x_vel_1,y_vel_1,angle_1,id_2,type_2,color_2,x_2,y_2,x_vel_2,y_vel_2,angle_2,kind,id_1,type_1,color_1,x_1,y_1,x_vel_1,y_vel_1,angle_1,id_2,type_2,color_2,x_2,y_2,x_vel_2,y_vel_2,angle_2,kind,id_1,type_1,color_1,x_1,y_1,x_vel_1,y_vel_1,angle_1,id_2,type_2,color_2,x_2,y_2,x_vel_2,y_vel_2,angle_2,kind,id_1,type_1,color_1,x_1,y_1,x_vel_1,y_vel_1,angle_1,id_2,type_2,color_2,x_2,y_2,x_vel_2,y_vel_2,angle_2,kind,id_1,type_1,color_1,x_1,y_1,x_vel_1,y_vel_1,angle_1,id_2,type_2,color_2,x_2,y_2,x_vel_2,y_vel_2,angle_2,kind,id_1,type_1,color_1,x_1,y_1,x_vel_1,y_vel_1,angle_1,id_2,type_2,color_2,x_2,y_2,x_vel_2,y_vel_2,angle_2,kind,id_1,type_1,color_1,x_1,y_1,x_vel_1,y_vel_1,angle_1,id_2,type_2,color_2,x_2,y_2,x_vel_2,y_vel_2,angle_2,kind,id_1,type_1,color_1,x_1,y_1,x_vel_1,y_vel_1,angle_1,id_2,type_2,color_2,x_2,y_2,x_vel_2,y_vel_2,angle_2,kind,id_1,type_1,color_1,x_1,y_1,x_vel_1,y_vel_1,angle_1,id_2,type_2,color_2,x_2,y_2,x_vel_2,y_vel_2,angle_2,kind,id_1,type_1,color_1,x_1,y_1,x_vel_1,y_vel_1,angle_1,id_2,type_2,color_2,x_2,y_2,x_vel_2,y_vel_2,angle_2,kind,id_1,type_1,color_1,x_1,y_1,x_vel_1,y_vel_1,angle_1,id_2,type_2,color_2,x_2,y_2,x_vel_2,y_vel_2,angle_2,kind,id_1,type_1,color_1,x_1,y_1,x_vel_1,y_vel_1,angle_1,id_2,type_2,color_2,x_2,y_2,x_vel_2,y_vel_2,angle_2,kind,id_1,type_1,color_1,x_1,y_1,x_vel_1,y_vel_1,angle_1,id_2,type_2,color_2,x_2,y_2,x_vel_2,y_vel_2,angle_2,kind,id_1,type_1,color_1,x_1,y_1,x_vel_1,y_vel_1,angle_1,id_2,type_2,color_2,x_2,y_2,x_vel_2,y_vel_2,angle_2,kind,id_1,type_1,color_1,x_1,y_1,x_vel_1,y_vel_1,angle_1,id_2,type_2,color_2,x_2,y_2,x_vel_2,y_vel_2,angle_2,kind,id_1,type_1,color_1,x_1,y_1,x_vel_1,y_vel_1,angle_1,id_2,type_2,color_2,x_2,y_2,x_vel_2,y_vel_2,angle_2,kind,id_1,type_1,color_1,x_1,y_1,x_vel_1,y_vel_1,angle_1,id_2,type_2,color_2,x_2,y_2,x_vel_2,y_vel_2,angle_2,kind,id_1,type_1,color_1,x_1,y_1,x_vel_1,y_vel_1,angle_1,id_2,type_2,color_2,x_2,y_2,x_vel_2,y_vel_2,angle_2,kind,id_1,type_1,color_1,x_1,y_1,x_vel_1,y_vel_1,angle_1,id_2,type_2,color_2,x_2,y_2,x_vel_2,y_vel_2,angle_2,kind,id_1,type_1,color_1,x_1,y_1,x_vel_1,y_vel_1,angle_1,id_2,type_2,color_2,x_2,y_2,x_vel_2,y_vel_2,angle_2,kind,id_1,type_1,color_1,x_1,y_1,x_vel_1,y_vel_1,angle_1,id_2,type_2,color_2,x_2,y_2,x_vel_2,y_vel_2,angle_2,kind,id_1,type_1,color_1,x_1,y_1,x_vel_1,y_vel_1,angle_1,id_2,type_2,color_2,x_2,y_2,x_vel_2,y_vel_2,angle_2,kind,id_1,type_1,color_1,x_1,y_1,x_vel_1,y_vel_1,angle_1,id_2,type_2,color_2,x_2,y_2,x_vel_2,y_vel_2,angle_2,kind,id_1,type_1,color_1,x_1,y_1,x_vel_1,y_vel_1,angle_1,id_2,type_2,color_2,x_2,y_2,x_vel_2,y_vel_2,angle_2,kind,id_1,type_1,color_1,x_1,y_1,x_vel_1,y_vel_1,angle_1,id_2,type_2,color_2,x_2,y_2,x_vel_2,y_vel_2,angle_2,kind,id_1,type_1,color_1,x_1,y_1,x_vel_1,y_vel_1,angle_1,id_2,type_2,color_2,x_2,y_2,x_vel_2,y_vel_2,angle_2,kind,id_1,type_1,color_1,x_1,y_1,x_vel_1,y_vel_1,angle_1,id_2,type_2,color_2,x_2,y_2,x_vel_2,y_vel_2,angle_2,kind,id_1,type_1,color_1,x_1,y_1,x_vel_1,y_vel_1,angle_1,id_2,type_2,color_2,x_2,y_2,x_vel_2,y_vel_2,angle_2,kind,id_1,type_1,color_1,x_1,y_1,x_vel_1,y_vel_1,angle_1,id_2,type_2,color_2,x_2,y_2,x_vel_2,y_vel_2,angle_2,kind,id_1,type_1,color_1,x_1,y_1,x_vel_1,y_vel_1,angle_1,id_2,type_2,color_2,x_2,y_2,x_vel_2,y_vel_2,angle_2,kind,id_1,type_1,color_1,x_1,y_1,x_vel_1,y_vel_1,angle_1,id_2,type_2,color_2,x_2,y_2,x_vel_2,y_vel_2,angle_2,kind,id_1,type_1,color_1,x_1,y_1,x_vel_1,y_vel_1,angle_1,id_2,type_2,color_2,x_2,y_2,x_vel_2,y_vel_2,angle_2,kind,id_1,type_1,color_1,x_1,y_1,x_vel_1,y_vel_1,angle_1,id_2,type_2,color_2,x_2,y_2,x_vel_2,y_vel_2,angle_2,kind,id_1,type_1,color_1,x_1,y_1,x_vel_1,y_vel_1,angle_1,id_2,type_2,color_2,x_2,y_2,x_vel_2,y_vel_2,angle_2,kind,id_1,type_1,color_1,x_1,y_1,x_vel_1,y_vel_1,angle_1,id_2,type_2,color_2,x_2,y_2,x_vel_2,y_vel_2,angle_2,kind,id_1,type_1,color_1,x_1,y_1,x_vel_1,y_vel_1,angle_1,id_2,type_2,color_2,x_2,y_2,x_vel_2,y_vel_2,angle_2,kind,id_1,type_1,color_1,x_1,y_1,x_vel_1,y_vel_1,angle_1,id_2,type_2,color_2,x_2,y_2,x_vel_2,y_vel_2,angle_2,kind,id_1,type_1,color_1,x_1,y_1,x_vel_1,y_vel_1,angle_1,id_2,type_2,color_2,x_2,y_2,x_vel_2,y_vel_2,angle_2,kind,id_1,type_1,color_1,x_1,y_1,x_vel_1,y_vel_1,angle_1,id_2,type_2,color_2,x_2,y_2,x_vel_2,y_vel_2,angle_2,kind,id_1,type_1,color_1,x_1,y_1,x_vel_1,y_vel_1,angle_1,id_2,type_2,color_2,x_2,y_2,x_vel_2,y_vel_2,angle_2,kind,id_1,type_1,color_1,x_1,y_1,x_vel_1,y_vel_1,angle_1,id_2,type_2,color_2,x_2,y_2,x_vel_2,y_vel_2,angle_2,kind,id_1,type_1,color_1,x_1,y_1,x_vel_1,y_vel_1,angle_1,id_2,type_2,color_2,x_2,y_2,x_vel_2,y_vel_2,angle_2,kind,id_1,type_1,color_1,x_1,y_1,x_vel_1,y_vel_1,angle_1,id_2,type_2,color_2,x_2,y_2,x_vel_2,y_vel_2,angle_2,kind,id_1,type_1,color_1,x_1,y_1,x_vel_1,y_vel_1,angle_1,id_2,type_2,color_2,x_2,y_2,x_vel_2,y_vel_2,angle_2,kind,id_1,type_1,color_1,x_1,y_1,x_vel_1,y_vel_1,angle_1,id_2,type_2,color_2,x_2,y_2,x_vel_2,y_vel_2,angle_2,kind,id_1,type_1,color_1,x_1,y_1,x_vel_1,y_vel_1,angle_1,id_2,type_2,color_2,x_2,y_2,x_vel_2,y_vel_2,angle_2,kind,id_1,type_1,color_1,x_1,y_1,x_vel_1,y_vel_1,angle_1,id_2,type_2,color_2,x_2,y_2,x_vel_2,y_vel_2,angle_2,kind,id_1,type_1,color_1,x_1,y_1,x_vel_1,y_vel_1,angle_1,id_2,type_2,color_2,x_2,y_2,x_vel_2,y_vel_2,angle_2,kind,id_1,type_1,color_1,x_1,y_1,x_vel_1,y_vel_1,angle_1,id_2,type_2,color_2,x_2,y_2,x_vel_2,y_vel_2,angle_2,kind,id_1,type_1,color_1,x_1,y_1,x_vel_1,y_vel_1,angle_1,id_2,type_2,color_2,x_2,y_2,x_vel_2,y_vel_2,angle_2,kind,id_1,type_1,color_1,x_1,y_1,x_vel_1,y_vel_1,angle_1,id_2,type_2,color_2,x_2,y_2,x_vel_2,y_vel_2,angle_2,kind,id_1,type_1,color_1,x_1,y_1,x_vel_1,y_vel_1,angle_1,id_2,type_2,color_2,x_2,y_2,x_vel_2,y_vel_2,angle_2,kind,id_1,type_1,color_1,x_1,y_1,x_vel_1,y_vel_1,angle_1,id_2,type_2,color_2,x_2,y_2,x_vel_2,y_vel_2,angle_2,kind,id_1,type_1,color_1,x_1,y_1,x_vel_1,y_vel_1,angle_1,id_2,type_2,color_2,x_2,y_2,x_vel_2,y_vel_2,angle_2,kind,id_1,type_1,color_1,x_1,y_1,x_vel_1,y_vel_1,angle_1,id_2,type_2,color_2,x_2,y_2,x_vel_2,y_vel_2,angle_2,kind,id_1,type_1,color_1,x_1,y_1,x_vel_1,y_vel_1,angle_1,id_2,type_2,color_2,x_2,y_2,x_vel_2,y_vel_2,angle_2,kind,id_1,type_1,color_1,x_1,y_1,x_vel_1,y_vel_1,angle_1,id_2,type_2,color_2,x_2,y_2,x_vel_2,y_vel_2,angle_2,kind,id_1,type_1,color_1,x_1,y_1,x_vel_1,y_vel_1,angle_1,id_2,type_2,color_2,x_2,y_2,x_vel_2,y_vel_2,angle_2,kind,id_1,type_1,color_1,x_1,y_1,x_vel_1,y_vel_1,angle_1,id_2,type_2,color_2,x_2,y_2,x_vel_2,y_vel_2,angle_2,kind,id_1,type_1,color_1,x_1,y_1,x_vel_1,y_vel_1,angle_1,id_2,type_2,color_2,x_2,y_2,x_vel_2,y_vel_2,angle_2,kind,id_1,type_1,color_1,x_1,y_1,x_vel_1,y_vel_1,angle_1,id_2,type_2,color_2,x_2,y_2,x_vel_2,y_vel_2,angle_2,kind,id_1,type_1,color_1,x_1,y_1,x_vel_1,y_vel_1,angle_1,id_2,type_2,color_2,x_2,y_2,x_vel_2,y_vel_2,angle_2,kind,id_1,type_1,color_1,x_1,y_1,x_vel_1,y_vel_1,angle_1,id_2,type_2,color_2,x_2,y_2,x_vel_2,y_vel_2,angle_2,kind,id_1,type_1,color_1,x_1,y_1,x_vel_1,y_vel_1,angle_1,id_2,type_2,color_2,x_2,y_2,x_vel_2,y_vel_2,angle_2,kind,id_1,type_1,color_1,x_1,y_1,x_vel_1,y_vel_1,angle_1,id_2,type_2,color_2,x_2,y_2,x_vel_2,y_vel_2,angle_2,kind,id_1,type_1,color_1,x_1,y_1,x_vel_1,y_vel_1,angle_1,id_2,type_2,color_2,x_2,y_2,x_vel_2,y_vel_2,angle_2,kind,id_1,type_1,color_1,x_1,y_1,x_vel_1,y_vel_1,angle_1,id_2,type_2,color_2,x_2,y_2,x_vel_2,y_vel_2,angle_2,kind,id_1,type_1,color_1,x_1,y_1,x_vel_1,y_vel_1,angle_1,id_2,type_2,color_2,x_2,y_2,x_vel_2,y_vel_2,angle_2,kind,id_1,type_1,color_1,x_1,y_1,x_vel_1,y_vel_1,angle_1,id_2,type_2,color_2,x_2,y_2,x_vel_2,y_vel_2,angle_2,kind,id_1,type_1,color_1,x_1,y_1,x_vel_1,y_vel_1,angle_1,id_2,type_2,color_2,x_2,y_2,x_vel_2,y_vel_2,angle_2,kind,id_1,type_1,color_1,x_1,y_1,x_vel_1,y_vel_1,angle_1,id_2,type_2,color_2,x_2,y_2,x_vel_2,y_vel_2,angle_2,kind,id_1,type_1,color_1,x_1,y_1,x_vel_1,y_vel_1,angle_1,id_2,type_2,color_2,x_2,y_2,x_vel_2,y_vel_2,angle_2,kind,id_1,type_1,color_1,x_1,y_1,x_vel_1,y_vel_1,angle_1,id_2,type_2,color_2,x_2,y_2,x_vel_2,y_vel_2,angle_2,kind,id_1,type_1,color_1,x_1,y_1,x_vel_1,y_vel_1,angle_1,id_2,type_2,color_2,x_2,y_2,x_vel_2,y_vel_2,angle_2,kind,id_1,type_1,color_1,x_1,y_1,x_vel_1,y_vel_1,angle_1,id_2,type_2,color_2,x_2,y_2,x_vel_2,y_vel_2,angle_2,kind,id_1,type_1,color_1,x_1,y_1,x_vel_1,y_vel_1,angle_1,id_2,type_2,color_2,x_2,y_2,x_vel_2,y_vel_2,angle_2,kind,id_1,type_1,color_1,x_1,y_1,x_vel_1,y_vel_1,angle_1,id_2,type_2,color_2,x_2,y_2,x_vel_2,y_vel_2,angle_2,kind,id_1,type_1,color_1,x_1,y_1,x_vel_1,y_vel_1,angle_1,id_2,type_2,color_2,x_2,y_2,x_vel_2,y_vel_2,angle_2,kind,id_1,type_1,color_1,x_1,y_1,x_vel_1,y_vel_1,angle_1,id_2,type_2,color_2,x_2,y_2,x_vel_2,y_vel_2,angle_2,kind,id_1,type_1,color_1,x_1,y_1,x_vel_1,y_vel_1,angle_1,id_2,type_2,color_2,x_2,y_2,x_vel_2,y_vel_2,angle_2,kind,id_1,type_1,color_1,x_1,y_1,x_vel_1,y_vel_1,angle_1,id_2,type_2,color_2,x_2,y_2,x_vel_2,y_vel_2,angle_2,kind,id_1,type_1,color_1,x_1,y_1,x_vel_1,y_vel_1,angle_1,id_2,type_2,color_2,x_2,y_2,x_vel_2,y_vel_2,angle_2,kind,id_1,type_1,color_1,x_1,y_1,x_vel_1,y_vel_1,angle_1,id_2,type_2,color_2,x_2,y_2,x_vel_2,y_vel_2,angle_2,kind,id_1,type_1,color_1,x_1,y_1,x_vel_1,y_vel_1,angle_1,id_2,type_2,color_2,x_2,y_2,x_vel_2,y_vel_2,angle_2,kind,id_1,type_1,color_1,x_1,y_1,x_vel_1,y_vel_1,angle_1,id_2,type_2,color_2,x_2,y_2,x_vel_2,y_vel_2,angle_2,kind,id_1,type_1,color_1,x_1,y_1,x_vel_1,y_vel_1,angle_1,id_2,type_2,color_2,x_2,y_2,x_vel_2,y_vel_2,angle_2,kind,id_1,type_1,color_1,x_1,y_1,x_vel_1,y_vel_1,angle_1,id_2,type_2,color_2,x_2,y_2,x_vel_2,y_vel_2,angle_2,kind,id_1,type_1,color_1,x_1,y_1,x_vel_1,y_vel_1,angle_1,id_2,type_2,color_2,x_2,y_2,x_vel_2,y_vel_2,angle_2,kind,id_1,type_1,color_1,x_1,y_1,x_vel_1,y_vel_1,angle_1,id_2,type_2,color_2,x_2,y_2,x_vel_2,y_vel_2,angle_2,kind,id_1,type_1,color_1,x_1,y_1,x_vel_1,y_vel_1,angle_1,id_2,type_2,color_2,x_2,y_2,x_vel_2,y_vel_2,angle_2,kind,id_1,type_1,color_1,x_1,y_1,x_vel_1,y_vel_1,angle_1,id_2,type_2,color_2,x_2,y_2,x_vel_2,y_vel_2,angle_2,kind,id_1,type_1,color_1,x_1,y_1,x_vel_1,y_vel_1,angle_1,id_2,type_2,color_2,x_2,y_2,x_vel_2,y_vel_2,angle_2,kind,id_1,type_1,color_1,x_1,y_1,x_vel_1,y_vel_1,angle_1,id_2,type_2,color_2,x_2,y_2,x_vel_2,y_vel_2,angle_2,kind,id_1,type_1,color_1,x_1,y_1,x_vel_1,y_vel_1,angle_1,id_2,type_2,color_2,x_2,y_2,x_vel_2,y_vel_2,angle_2,kind,id_1,type_1,color_1,x_1,y_1,x_vel_1,y_vel_1,angle_1,id_2,type_2,color_2,x_2,y_2,x_vel_2,y_vel_2,angle_2,kind,id_1,type_1,color_1,x_1,y_1,x_vel_1,y_vel_1,angle_1,id_2,type_2,color_2,x_2,y_2,x_vel_2,y_vel_2,angle_2,kind,id_1,type_1,color_1,x_1,y_1,x_vel_1,y_vel_1,angle_1,id_2,type_2,color_2,x_2,y_2,x_vel_2,y_vel_2,angle_2,kind,id_1,type_1,color_1,x_1,y_1,x_vel_1,y_vel_1,angle_1,id_2,type_2,color_2,x_2,y_2,x_vel_2,y_vel_2,angle_2,kind,id_1,type_1,color_1,x_1,y_1,x_vel_1,y_vel_1,angle_1,id_2,type_2,color_2,x_2,y_2,x_vel_2,y_vel_2,angle_2,kind,id_1,type_1,color_1,x_1,y_1,x_vel_1,y_vel_1,angle_1,id_2,type_2,color_2,x_2,y_2,x_vel_2,y_vel_2,angle_2,kind,id_1,type_1,color_1,x_1,y_1,x_vel_1,y_vel_1,angle_1,id_2,type_2,color_2,x_2,y_2,x_vel_2,y_vel_2,angle_2,kind,id_1,type_1,color_1,x_1,y_1,x_vel_1,y_vel_1,angle_1,id_2,type_2,color_2,x_2,y_2,x_vel_2,y_vel_2,angle_2,kind,id_1,type_1,color_1,x_1,y_1,x_vel_1,y_vel_1,angle_1,id_2,type_2,color_2,x_2,y_2,x_vel_2,y_vel_2,angle_2,kind,id_1,type_1,color_1,x_1,y_1,x_vel_1,y_vel_1,angle_1,id_2,type_2,color_2,x_2,y_2,x_vel_2,y_vel_2,angle_2,kind,id_1,type_1,color_1,x_1,y_1,x_vel_1,y_vel_1,angle_1,id_2,type_2,color_2,x_2,y_2,x_vel_2,y_vel_2,angle_2,kind,id_1,type_1,color_1,x_1,y_1,x_vel_1,y_vel_1,angle_1,id_2,type_2,color_2,x_2,y_2,x_vel_2,y_vel_2,angle_2,kind,id_1,type_1,color_1,x_1,y_1,x_vel_1,y_vel_1,angle_1,id_2,type_2,color_2,x_2,y_2,x_vel_2,y_vel_2,angle_2,kind,id_1,type_1,color_1,x_1,y_1,x_vel_1,y_vel_1,angle_1,id_2,type_2,color_2,x_2,y_2,x_vel_2,y_vel_2,angle_2,kind,id_1,type_1,color_1,x_1,y_1,x_vel_1,y_vel_1,angle_1,id_2,type_2,color_2,x_2,y_2,x_vel_2,y_vel_2,angle_2,kind,id_1,type_1,color_1,x_1,y_1,x_vel_1,y_vel_1,angle_1,id_2,type_2,color_2,x_2,y_2,x_vel_2,y_vel_2,angle_2,kind,id_1,type_1,color_1,x_1,y_1,x_vel_1,y_vel_1,angle_1,id_2,type_2,color_2,x_2,y_2,x_vel_2,y_vel_2,angle_2,kind,id_1,type_1,color_1,x_1,y_1,x_vel_1,y_vel_1,angle_1,id_2,type_2,color_2,x_2,y_2,x_vel_2,y_vel_2,angle_2,kind,id_1,type_1,color_1,x_1,y_1,x_vel_1,y_vel_1,angle_1,id_2,type_2,color_2,x_2,y_2,x_vel_2,y_vel_2,angle_2,kind,id_1,type_1,color_1,x_1,y_1,x_vel_1,y_vel_1,angle_1,id_2,type_2,color_2,x_2,y_2,x_vel_2,y_vel_2,angle_2,kind,id_1,type_1,color_1,x_1,y_1,x_vel_1,y_vel_1,angle_1,id_2,type_2,color_2,x_2,y_2,x_vel_2,y_vel_2,angle_2,kind,id_1,type_1,color_1,x_1,y_1,x_vel_1,y_vel_1,angle_1,id_2,type_2,color_2,x_2,y_2,x_vel_2,y_vel_2,angle_2,kind,id_1,type_1,color_1,x_1,y_1,x_vel_1,y_vel_1,angle_1,id_2,type_2,color_2,x_2,y_2,x_vel_2,y_vel_2,angle_2,kind,id_1,type_1,color_1,x_1,y_1,x_vel_1,y_vel_1,angle_1,id_2,type_2,color_2,x_2,y_2,x_vel_2,y_vel_2,angle_2,kind,id_1,type_1,color_1,x_1,y_1,x_vel_1,y_vel_1,angle_1,id_2,type_2,color_2,x_2,y_2,x_vel_2,y_vel_2,angle_2,kind,id_1,type_1,color_1,x_1,y_1,x_vel_1,y_vel_1,angle_1,id_2,type_2,color_2,x_2,y_2,x_vel_2,y_vel_2,angle_2,kind,id_1,type_1,color_1,x_1,y_1,x_vel_1,y_vel_1,angle_1,id_2,type_2,color_2,x_2,y_2,x_vel_2,y_vel_2,angle_2,kind,id_1,type_1,color_1,x_1,y_1,x_vel_1,y_vel_1,angle_1,id_2,type_2,color_2,x_2,y_2,x_vel_2,y_vel_2,angle_2,kind,id_1,type_1,color_1,x_1,y_1,x_vel_1,y_vel_1,angle_1,id_2,type_2,color_2,x_2,y_2,x_vel_2,y_vel_2,angle_2,kind,id_1,type_1,color_1,x_1,y_1,x_vel_1,y_vel_1,angle_1,id_2,type_2,color_2,x_2,y_2,x_vel_2,y_vel_2,angle_2,kind,id_1,type_1,color_1,x_1,y_1,x_vel_1,y_vel_1,angle_1,id_2,type_2,color_2,x_2,y_2,x_vel_2,y_vel_2,angle_2,kind,id_1,type_1,color_1,x_1,y_1,x_vel_1,y_vel_1,angle_1,id_2,type_2,color_2,x_2,y_2,x_vel_2,y_vel_2,angle_2,kind,id_1,type_1,color_1,x_1,y_1,x_vel_1,y_vel_1,angle_1,id_2,type_2,color_2,x_2,y_2,x_vel_2,y_vel_2,angle_2,kind,id_1,type_1,color_1,x_1,y_1,x_vel_1,y_vel_1,angle_1,id_2,type_2,color_2,x_2,y_2,x_vel_2,y_vel_2,angle_2,kind,id_1,type_1,color_1,x_1,y_1,x_vel_1,y_vel_1,angle_1,id_2,type_2,color_2,x_2,y_2,x_vel_2,y_vel_2,angle_2,kind,id_1,type_1,color_1,x_1,y_1,x_vel_1,y_vel_1,angle_1,id_2,type_2,color_2,x_2,y_2,x_vel_2,y_vel_2,angle_2,kind,id_1,type_1,color_1,x_1,y_1,x_vel_1,y_vel_1,angle_1,id_2,type_2,color_2,x_2,y_2,x_vel_2,y_vel_2,angle_2,kind,id_1,type_1,color_1,x_1,y_1,x_vel_1,y_vel_1,angle_1,id_2,type_2,color_2,x_2,y_2,x_vel_2,y_vel_2,angle_2,kind,id_1,type_1,color_1,x_1,y_1,x_vel_1,y_vel_1,angle_1,id_2,type_2,color_2,x_2,y_2,x_vel_2,y_vel_2,angle_2,kind,id_1,type_1,color_1,x_1,y_1,x_vel_1,y_vel_1,angle_1,id_2,type_2,color_2,x_2,y_2,x_vel_2,y_vel_2,angle_2,kind,id_1,type_1,color_1,x_1,y_1,x_vel_1,y_vel_1,angle_1,id_2,type_2,color_2,x_2,y_2,x_vel_2,y_vel_2,angle_2,kind,id_1,type_1,color_1,x_1,y_1,x_vel_1,y_vel_1,angle_1,id_2,type_2,color_2,x_2,y_2,x_vel_2,y_vel_2,angle_2,kind,id_1,type_1,color_1,x_1,y_1,x_vel_1,y_vel_1,angle_1,id_2,type_2,color_2,x_2,y_2,x_vel_2,y_vel_2,angle_2,kind,id_1,type_1,color_1,x_1,y_1,x_vel_1,y_vel_1,angle_1,id_2,type_2,color_2,x_2,y_2,x_vel_2,y_vel_2,angle_2,kind,id_1,type_1,color_1,x_1,y_1,x_vel_1,y_vel_1,angle_1,id_2,type_2,color_2,x_2,y_2,x_vel_2,y_vel_2,angle_2,kind,id_1,type_1,color_1,x_1,y_1,x_vel_1,y_vel_1,angle_1,id_2,type_2,color_2,x_2,y_2,x_vel_2,y_vel_2,angle_2,kind,id_1,type_1,color_1,x_1,y_1,x_vel_1,y_vel_1,angle_1,id_2,type_2,color_2,x_2,y_2,x_vel_2,y_vel_2,angle_2,kind,id_1,type_1,color_1,x_1,y_1,x_vel_1,y_vel_1,angle_1,id_2,type_2,color_2,x_2,y_2,x_vel_2,y_vel_2,angle_2,kind,id_1,type_1,color_1,x_1,y_1,x_vel_1,y_vel_1,angle_1,id_2,type_2,color_2,x_2,y_2,x_vel_2,y_vel_2,angle_2,kind,id_1,type_1,color_1,x_1,y_1,x_vel_1,y_vel_1,angle_1,id_2,type_2,color_2,x_2,y_2,x_vel_2,y_vel_2,angle_2,kind,id_1,type_1,color_1,x_1,y_1,x_vel_1,y_vel_1,angle_1,id_2,type_2,color_2,x_2,y_2,x_vel_2,y_vel_2,angle_2,kind,id_1,type_1,color_1,x_1,y_1,x_vel_1,y_vel_1,angle_1,id_2,type_2,color_2,x_2,y_2,x_vel_2,y_vel_2,angle_2,kind,id_1,type_1,color_1,x_1,y_1,x_vel_1,y_vel_1,angle_1,id_2,type_2,color_2,x_2,y_2,x_vel_2,y_vel_2,angle_2,kind,id_1,type_1,color_1,x_1,y_1,x_vel_1,y_vel_1,angle_1,id_2,type_2,color_2,x_2,y_2,x_vel_2,y_vel_2,angle_2,kind,id_1,type_1,color_1,x_1,y_1,x_vel_1,y_vel_1,angle_1,id_2,type_2,color_2,x_2,y_2,x_vel_2,y_vel_2,angle_2,kind,id_1,type_1,color_1,x_1,y_1,x_vel_1,y_vel_1,angle_1,id_2,type_2,color_2,x_2,y_2,x_vel_2,y_vel_2,angle_2,kind,id_1,type_1,color_1,x_1,y_1,x_vel_1,y_vel_1,angle_1,id_2,type_2,color_2,x_2,y_2,x_vel_2,y_vel_2,angle_2,kind,id_1,type_1,color_1,x_1,y_1,x_vel_1,y_vel_1,angle_1,id_2,type_2,color_2,x_2,y_2,x_vel_2,y_vel_2,angle_2,kind,id_1,type_1,color_1,x_1,y_1,x_vel_1,y_vel_1,angle_1,id_2,type_2,color_2,x_2,y_2,x_vel_2,y_vel_2,angle_2,kind,id_1,type_1,color_1,x_1,y_1,x_vel_1,y_vel_1,angle_1,id_2,type_2,color_2,x_2,y_2,x_vel_2,y_vel_2,angle_2,kind,id_1,type_1,color_1,x_1,y_1,x_vel_1,y_vel_1,angle_1,id_2,type_2,color_2,x_2,y_2,x_vel_2,y_vel_2,angle_2,kind,id_1,type_1,color_1,x_1,y_1,x_vel_1,y_vel_1,angle_1,id_2,type_2,color_2,x_2,y_2,x_vel_2,y_vel_2,angle_2,kind,id_1,type_1,color_1,x_1,y_1,x_vel_1,y_vel_1,angle_1,id_2,type_2,color_2,x_2,y_2,x_vel_2,y_vel_2,angle_2,kind,id_1,type_1,color_1,x_1,y_1,x_vel_1,y_vel_1,angle_1,id_2,type_2,color_2,x_2,y_2,x_vel_2,y_vel_2,angle_2,kind,id_1,type_1,color_1,x_1,y_1,x_vel_1,y_vel_1,angle_1,id_2,type_2,color_2,x_2,y_2,x_vel_2,y_vel_2,angle_2,kind,id_1,type_1,color_1,x_1,y_1,x_vel_1,y_vel_1,angle_1,id_2,type_2,color_2,x_2,y_2,x_vel_2,y_vel_2,angle_2,kind,id_1,type_1,color_1,x_1,y_1,x_vel_1,y_vel_1,angle_1,id_2,type_2,color_2,x_2,y_2,x_vel_2,y_vel_2,angle_2,kind,id_1,type_1,color_1,x_1,y_1,x_vel_1,y_vel_1,angle_1,id_2,type_2,color_2,x_2,y_2,x_vel_2,y_vel_2,angle_2,kind,id_1,type_1,color_1,x_1,y_1,x_vel_1,y_vel_1,angle_1,id_2,type_2,color_2,x_2,y_2,x_vel_2,y_vel_2,angle_2,kind,id_1,type_1,color_1,x_1,y_1,x_vel_1,y_vel_1,angle_1,id_2,type_2,color_2,x_2,y_2,x_vel_2,y_vel_2,angle_2,kind,id_1,type_1,color_1,x_1,y_1,x_vel_1,y_vel_1,angle_1,id_2,type_2,color_2,x_2,y_2,x_vel_2,y_vel_2,angle_2,kind,id_1,type_1,color_1,x_1,y_1,x_vel_1,y_vel_1,angle_1,id_2,type_2,color_2,x_2,y_2,x_vel_2,y_vel_2,angle_2,kind,id_1,type_1,color_1,x_1,y_1,x_vel_1,y_vel_1,angle_1,id_2,type_2,color_2,x_2,y_2,x_vel_2,y_vel_2,angle_2,kind,id_1,type_1,color_1,x_1,y_1,x_vel_1,y_vel_1,angle_1,id_2,type_2,color_2,x_2,y_2,x_vel_2,y_vel_2,angle_2,kind,id_1,type_1,color_1,x_1,y_1,x_vel_1,y_vel_1,angle_1,id_2,type_2,color_2,x_2,y_2,x_vel_2,y_vel_2,angle_2,kind,id_1,type_1,color_1,x_1,y_1,x_vel_1,y_vel_1,angle_1,id_2,type_2,color_2,x_2,y_2,x_vel_2,y_vel_2,angle_2,kind,id_1,type_1,color_1,x_1,y_1,x_vel_1,y_vel_1,angle_1,id_2,type_2,color_2,x_2,y_2,x_vel_2,y_vel_2,angle_2,kind,id_1,type_1,color_1,x_1,y_1,x_vel_1,y_vel_1,angle_1,id_2,type_2,color_2,x_2,y_2,x_vel_2,y_vel_2,angle_2,kind,id_1,type_1,color_1,x_1,y_1,x_vel_1,y_vel_1,angle_1,id_2,type_2,color_2,x_2,y_2,x_vel_2,y_vel_2,angle_2,kind,id_1,type_1,color_1,x_1,y_1,x_vel_1,y_vel_1,angle_1,id_2,type_2,color_2,x_2,y_2,x_vel_2,y_vel_2,angle_2,kind,id_1,type_1,color_1,x_1,y_1,x_vel_1,y_vel_1,angle_1,id_2,type_2,color_2,x_2,y_2,x_vel_2,y_vel_2,angle_2,kind,id_1,type_1,color_1,x_1,y_1,x_vel_1,y_vel_1,angle_1,id_2,type_2,color_2,x_2,y_2,x_vel_2,y_vel_2,angle_2,kind,id_1,type_1,color_1,x_1,y_1,x_vel_1,y_vel_1,angle_1,id_2,type_2,color_2,x_2,y_2,x_vel_2,y_vel_2,angle_2,kind,id_1,type_1,color_1,x_1,y_1,x_vel_1,y_vel_1,angle_1,id_2,type_2,color_2,x_2,y_2,x_vel_2,y_vel_2,angle_2,kind,id_1,type_1,color_1,x_1,y_1,x_vel_1,y_vel_1,angle_1,id_2,type_2,color_2,x_2,y_2,x_vel_2,y_vel_2,angle_2,kind,id_1,type_1,color_1,x_1,y_1,x_vel_1,y_vel_1,angle_1,id_2,type_2,color_2,x_2,y_2,x_vel_2,y_vel_2,angle_2,kind,id_1,type_1,color_1,x_1,y_1,x_vel_1,y_vel_1,angle_1,id_2,type_2,color_2,x_2,y_2,x_vel_2,y_vel_2,angle_2,kind,id_1,type_1,color_1,x_1,y_1,x_vel_1,y_vel_1,angle_1,id_2,type_2,color_2,x_2,y_2,x_vel_2,y_vel_2,angle_2,kind,id_1,type_1,color_1,x_1,y_1,x_vel_1,y_vel_1,angle_1,id_2,type_2,color_2,x_2,y_2,x_vel_2,y_vel_2,angle_2,kind,id_1,type_1,color_1,x_1,y_1,x_vel_1,y_vel_1,angle_1,id_2,type_2,color_2,x_2,y_2,x_vel_2,y_vel_2,angle_2,kind,id_1,type_1,color_1,x_1,y_1,x_vel_1,y_vel_1,angle_1,id_2,type_2,color_2,x_2,y_2,x_vel_2,y_vel_2,angle_2,kind,id_1,type_1,color_1,x_1,y_1,x_vel_1,y_vel_1,angle_1,id_2,type_2,color_2,x_2,y_2,x_vel_2,y_vel_2,angle_2,kind,id_1,type_1,color_1,x_1,y_1,x_vel_1,y_vel_1,angle_1,id_2,type_2,color_2,x_2,y_2,x_vel_2,y_vel_2,angle_2,kind,id_1,type_1,color_1,x_1,y_1,x_vel_1,y_vel_1,angle_1,id_2,type_2,color_2,x_2,y_2,x_vel_2,y_vel_2,angle_2,kind,id_1,type_1,color_1,x_1,y_1,x_vel_1,y_vel_1,angle_1,id_2,type_2,color_2,x_2,y_2,x_vel_2,y_vel_2,angle_2,kind,id_1,type_1,color_1,x_1,y_1,x_vel_1,y_vel_1,angle_1,id_2,type_2,color_2,x_2,y_2,x_vel_2,y_vel_2,angle_2,kind,id_1,type_1,color_1,x_1,y_1,x_vel_1,y_vel_1,angle_1,id_2,type_2,color_2,x_2,y_2,x_vel_2,y_vel_2,angle_2,kind,id_1,type_1,color_1,x_1,y_1,x_vel_1,y_vel_1,angle_1,id_2,type_2,color_2,x_2,y_2,x_vel_2,y_vel_2,angle_2,kind,id_1,type_1,color_1,x_1,y_1,x_vel_1,y_vel_1,angle_1,id_2,type_2,color_2,x_2,y_2,x_vel_2,y_vel_2,angle_2,kind,id_1,type_1,color_1,x_1,y_1,x_vel_1,y_vel_1,angle_1,id_2,type_2,color_2,x_2,y_2,x_vel_2,y_vel_2,angle_2,kind,id_1,type_1,color_1,x_1,y_1,x_vel_1,y_vel_1,angle_1,id_2,type_2,color_2,x_2,y_2,x_vel_2,y_vel_2,angle_2,kind,id_1,type_1,color_1,x_1,y_1,x_vel_1,y_vel_1,angle_1,id_2,type_2,color_2,x_2,y_2,x_vel_2,y_vel_2,angle_2,kind,id_1,type_1,color_1,x_1,y_1,x_vel_1,y_vel_1,angle_1,id_2,type_2,color_2,x_2,y_2,x_vel_2,y_vel_2,angle_2,kind,id_1,type_1,color_1,x_1,y_1,x_vel_1,y_vel_1,angle_1,id_2,type_2,color_2,x_2,y_2,x_vel_2,y_vel_2,angle_2,kind,id_1,type_1,color_1,x_1,y_1,x_vel_1,y_vel_1,angle_1,id_2,type_2,color_2,x_2,y_2,x_vel_2,y_vel_2,angle_2,kind,id_1,type_1,color_1,x_1,y_1,x_vel_1,y_vel_1,angle_1,id_2,type_2,color_2,x_2,y_2,x_vel_2,y_vel_2,angle_2,kind,id_1,type_1,color_1,x_1,y_1,x_vel_1,y_vel_1,angle_1,id_2,type_2,color_2,x_2,y_2,x_vel_2,y_vel_2,angle_2,kind,id_1,type_1,color_1,x_1,y_1,x_vel_1,y_vel_1,angle_1,id_2,type_2,color_2,x_2,y_2,x_vel_2,y_vel_2,angle_2,kind,id_1,type_1,color_1,x_1,y_1,x_vel_1,y_vel_1,angle_1,id_2,type_2,color_2,x_2,y_2,x_vel_2,y_vel_2,angle_2,kind,id_1,type_1,color_1,x_1,y_1,x_vel_1,y_vel_1,angle_1,id_2,type_2,color_2,x_2,y_2,x_vel_2,y_vel_2,angle_2,kind,id_1,type_1,color_1,x_1,y_1,x_vel_1,y_vel_1,angle_1,id_2,type_2,color_2,x_2,y_2,x_vel_2,y_vel_2,angle_2,kind,id_1,type_1,color_1,x_1,y_1,x_vel_1,y_vel_1,angle_1,id_2,type_2,color_2,x_2,y_2,x_vel_2,y_vel_2,angle_2,kind,id_1,type_1,color_1,x_1,y_1,x_vel_1,y_vel_1,angle_1,id_2,type_2,color_2,x_2,y_2,x_vel_2,y_vel_2,angle_2,kind,id_1,type_1,color_1,x_1,y_1,x_vel_1,y_vel_1,angle_1,id_2,type_2,color_2,x_2,y_2,x_vel_2,y_vel_2,angle_2,kind,id_1,type_1,color_1,x_1,y_1,x_vel_1,y_vel_1,angle_1,id_2,type_2,color_2,x_2,y_2,x_vel_2,y_vel_2,angle_2,kind,id_1,type_1,color_1,x_1,y_1,x_vel_1,y_vel_1,angle_1,id_2,type_2,color_2,x_2,y_2,x_vel_2,y_vel_2,angle_2,kind,id_1,type_1,color_1,x_1,y_1,x_vel_1,y_vel_1,angle_1,id_2,type_2,color_2,x_2,y_2,x_vel_2,y_vel_2,angle_2,kind,id_1,type_1,color_1,x_1,y_1,x_vel_1,y_vel_1,angle_1,id_2,type_2,color_2,x_2,y_2,x_vel_2,y_vel_2,angle_2,kind,id_1,type_1,color_1,x_1,y_1,x_vel_1,y_vel_1,angle_1,id_2,type_2,color_2,x_2,y_2,x_vel_2,y_vel_2,angle_2,kind,id_1,type_1,color_1,x_1,y_1,x_vel_1,y_vel_1,angle_1,id_2,type_2,color_2,x_2,y_2,x_vel_2,y_vel_2,angle_2,kind,id_1,type_1,color_1,x_1,y_1,x_vel_1,y_vel_1,angle_1,id_2,type_2,color_2,x_2,y_2,x_vel_2,y_vel_2,angle_2,kind,id_1,type_1,color_1,x_1,y_1,x_vel_1,y_vel_1,angle_1,id_2,type_2,color_2,x_2,y_2,x_vel_2,y_vel_2,angle_2,kind,id_1,type_1,color_1,x_1,y_1,x_vel_1,y_vel_1,angle_1,id_2,type_2,color_2,x_2,y_2,x_vel_2,y_vel_2,angle_2,kind,id_1,type_1,color_1,x_1,y_1,x_vel_1,y_vel_1,angle_1,id_2,type_2,color_2,x_2,y_2,x_vel_2,y_vel_2,angle_2,kind,id_1,type_1,color_1,x_1,y_1,x_vel_1,y_vel_1,angle_1,id_2,type_2,color_2,x_2,y_2,x_vel_2,y_vel_2,angle_2,kind,id_1,type_1,color_1,x_1,y_1,x_vel_1,y_vel_1,angle_1,id_2,type_2,color_2,x_2,y_2,x_vel_2,y_vel_2,angle_2,kind,id_1,type_1,color_1,x_1,y_1,x_vel_1,y_vel_1,angle_1,id_2,type_2,color_2,x_2,y_2,x_vel_2,y_vel_2,angle_2,kind,id_1,type_1,color_1,x_1,y_1,x_vel_1,y_vel_1,angle_1,id_2,type_2,color_2,x_2,y_2,x_vel_2,y_vel_2,angle_2,kind,id_1,type_1,color_1,x_1,y_1,x_vel_1,y_vel_1,angle_1,id_2,type_2,color_2,x_2,y_2,x_vel_2,y_vel_2,angle_2,kind,id_1,type_1,color_1,x_1,y_1,x_vel_1,y_vel_1,angle_1,id_2,type_2,color_2,x_2,y_2,x_vel_2,y_vel_2,angle_2,kind,id_1,type_1,color_1,x_1,y_1,x_vel_1,y_vel_1,angle_1,id_2,type_2,color_2,x_2,y_2,x_vel_2,y_vel_2,angle_2,kind,id_1,type_1,color_1,x_1,y_1,x_vel_1,y_vel_1,angle_1,id_2,type_2,color_2,x_2,y_2,x_vel_2,y_vel_2,angle_2,kind,id_1,type_1,color_1,x_1,y_1,x_vel_1,y_vel_1,angle_1,id_2,type_2,color_2,x_2,y_2,x_vel_2,y_vel_2,angle_2,kind,id_1,type_1,color_1,x_1,y_1,x_vel_1,y_vel_1,angle_1,id_2,type_2,color_2,x_2,y_2,x_vel_2,y_vel_2,angle_2,kind,id_1,type_1,color_1,x_1,y_1,x_vel_1,y_vel_1,angle_1,id_2,type_2,color_2,x_2,y_2,x_vel_2,y_vel_2,angle_2,kind,id_1,type_1,color_1,x_1,y_1,x_vel_1,y_vel_1,angle_1,id_2,type_2,color_2,x_2,y_2,x_vel_2,y_vel_2,angle_2,kind,id_1,type_1,color_1,x_1,y_1,x_vel_1,y_vel_1,angle_1,id_2,type_2,color_2,x_2,y_2,x_vel_2,y_vel_2,angle_2,kind,id_1,type_1,color_1,x_1,y_1,x_vel_1,y_vel_1,angle_1,id_2,type_2,color_2,x_2,y_2,x_vel_2,y_vel_2,angle_2,kind,id_1,type_1,color_1,x_1,y_1,x_vel_1,y_vel_1,angle_1,id_2,type_2,color_2,x_2,y_2,x_vel_2,y_vel_2,angle_2,kind,id_1,type_1,color_1,x_1,y_1,x_vel_1,y_vel_1,angle_1,id_2,type_2,color_2,x_2,y_2,x_vel_2,y_vel_2,angle_2,kind,id_1,type_1,color_1,x_1,y_1,x_vel_1,y_vel_1,angle_1,id_2,type_2,color_2,x_2,y_2,x_vel_2,y_vel_2,angle_2,kind,id_1,type_1,color_1,x_1,y_1,x_vel_1,y_vel_1,angle_1,id_2,type_2,color_2,x_2,y_2,x_vel_2,y_vel_2,angle_2,kind,id_1,type_1,color_1,x_1,y_1,x_vel_1,y_vel_1,angle_1,id_2,type_2,color_2,x_2,y_2,x_vel_2,y_vel_2,angle_2,kind,id_1,type_1,color_1,x_1,y_1,x_vel_1,y_vel_1,angle_1,id_2,type_2,color_2,x_2,y_2,x_vel_2,y_vel_2,angle_2,kind,id_1,type_1,color_1,x_1,y_1,x_vel_1,y_vel_1,angle_1,id_2,type_2,color_2,x_2,y_2,x_vel_2,y_vel_2,angle_2,kind,id_1,type_1,color_1,x_1,y_1,x_vel_1,y_vel_1,angle_1,id_2,type_2,color_2,x_2,y_2,x_vel_2,y_vel_2,angle_2,kind,id_1,type_1,color_1,x_1,y_1,x_vel_1,y_vel_1,angle_1,id_2,type_2,color_2,x_2,y_2,x_vel_2,y_vel_2,angle_2,kind,id_1,type_1,color_1,x_1,y_1,x_vel_1,y_vel_1,angle_1,id_2,type_2,color_2,x_2,y_2,x_vel_2,y_vel_2,angle_2,kind,id_1,type_1,color_1,x_1,y_1,x_vel_1,y_vel_1,angle_1,id_2,type_2,color_2,x_2,y_2,x_vel_2,y_vel_2,angle_2,kind,id_1,type_1,color_1,x_1,y_1,x_vel_1,y_vel_1,angle_1,id_2,type_2,color_2,x_2,y_2,x_vel_2,y_vel_2,angle_2,kind,id_1,type_1,color_1,x_1,y_1,x_vel_1,y_vel_1,angle_1,id_2,type_2,color_2,x_2,y_2,x_vel_2,y_vel_2,angle_2,kind,id_1,type_1,color_1,x_1,y_1,x_vel_1,y_vel_1,angle_1,id_2,type_2,color_2,x_2,y_2,x_vel_2,y_vel_2,angle_2,kind,id_1,type_1,color_1,x_1,y_1,x_vel_1,y_vel_1,angle_1,id_2,type_2,color_2,x_2,y_2,x_vel_2,y_vel_2,angle_2,kind,id_1,type_1,color_1,x_1,y_1,x_vel_1,y_vel_1,angle_1,id_2,type_2,color_2,x_2,y_2,x_vel_2,y_vel_2,angle_2,kind,id_1,type_1,color_1,x_1,y_1,x_vel_1,y_vel_1,angle_1,id_2,type_2,color_2,x_2,y_2,x_vel_2,y_vel_2,angle_2,kind,id_1,type_1,color_1,x_1,y_1,x_vel_1,y_vel_1,angle_1,id_2,type_2,color_2,x_2,y_2,x_vel_2,y_vel_2,angle_2,kind,id_1,type_1,color_1,x_1,y_1,x_vel_1,y_vel_1,angle_1,id_2,type_2,color_2,x_2,y_2,x_vel_2,y_vel_2,angle_2,kind,id_1,type_1,color_1,x_1,y_1,x_vel_1,y_vel_1,angle_1,id_2,type_2,color_2,x_2,y_2,x_vel_2,y_vel_2,angle_2,kind,id_1,type_1,color_1,x_1,y_1,x_vel_1,y_vel_1,angle_1,id_2,type_2,color_2,x_2,y_2,x_vel_2,y_vel_2,angle_2,kind,id_1,type_1,color_1,x_1,y_1,x_vel_1,y_vel_1,angle_1,id_2,type_2,color_2,x_2,y_2,x_vel_2,y_vel_2,angle_2,kind,id_1,type_1,color_1,x_1,y_1,x_vel_1,y_vel_1,angle_1,id_2,type_2,color_2,x_2,y_2,x_vel_2,y_vel_2,angle_2,kind,id_1,type_1,color_1,x_1,y_1,x_vel_1,y_vel_1,angle_1,id_2,type_2,color_2,x_2,y_2,x_vel_2,y_vel_2,angle_2,kind,id_1,type_1,color_1,x_1,y_1,x_vel_1,y_vel_1,angle_1,id_2,type_2,color_2,x_2,y_2,x_vel_2,y_vel_2,angle_2,kind,id_1,type_1,color_1,x_1,y_1,x_vel_1,y_vel_1,angle_1,id_2,type_2,color_2,x_2,y_2,x_vel_2,y_vel_2,angle_2,kind,id_1,type_1,color_1,x_1,y_1,x_vel_1,y_vel_1,angle_1,id_2,type_2,color_2,x_2,y_2,x_vel_2,y_vel_2,angle_2,kind,id_1,type_1,color_1,x_1,y_1,x_vel_1,y_vel_1,angle_1,id_2,type_2,color_2,x_2,y_2,x_vel_2,y_vel_2,angle_2,kind,id_1,type_1,color_1,x_1,y_1,x_vel_1,y_vel_1,angle_1,id_2,type_2,color_2,x_2,y_2,x_vel_2,y_vel_2,angle_2,kind,id_1,type_1,color_1,x_1,y_1,x_vel_1,y_vel_1,angle_1,id_2,type_2,color_2,x_2,y_2,x_vel_2,y_vel_2,angle_2,kind,id_1,type_1,color_1,x_1,y_1,x_vel_1,y_vel_1,angle_1,id_2,type_2,color_2,x_2,y_2,x_vel_2,y_vel_2,angle_2,kind,id_1,type_1,color_1,x_1,y_1,x_vel_1,y_vel_1,angle_1,id_2,type_2,color_2,x_2,y_2,x_vel_2,y_vel_2,angle_2,kind,id_1,type_1,color_1,x_1,y_1,x_vel_1,y_vel_1,angle_1,id_2,type_2,color_2,x_2,y_2,x_vel_2,y_vel_2,angle_2,kind,id_1,type_1,color_1,x_1,y_1,x_vel_1,y_vel_1,angle_1,id_2,type_2,color_2,x_2,y_2,x_vel_2,y_vel_2,angle_2,kind,id_1,type_1,color_1,x_1,y_1,x_vel_1,y_vel_1,angle_1,id_2,type_2,color_2,x_2,y_2,x_vel_2,y_vel_2,angle_2,kind,id_1,type_1,color_1,x_1,y_1,x_vel_1,y_vel_1,angle_1,id_2,type_2,color_2,x_2,y_2,x_vel_2,y_vel_2,angle_2,kind,id_1,type_1,color_1,x_1,y_1,x_vel_1,y_vel_1,angle_1,id_2,type_2,color_2,x_2,y_2,x_vel_2,y_vel_2,angle_2,kind,id_1,type_1,color_1,x_1,y_1,x_vel_1,y_vel_1,angle_1,id_2,type_2,color_2,x_2,y_2,x_vel_2,y_vel_2,angle_2,kind,id_1,type_1,color_1,x_1,y_1,x_vel_1,y_vel_1,angle_1,id_2,type_2,color_2,x_2,y_2,x_vel_2,y_vel_2,angle_2,kind,id_1,type_1,color_1,x_1,y_1,x_vel_1,y_vel_1,angle_1,id_2,type_2,color_2,x_2,y_2,x_vel_2,y_vel_2,angle_2,kind,id_1,type_1,color_1,x_1,y_1,x_vel_1,y_vel_1,angle_1,id_2,type_2,color_2,x_2,y_2,x_vel_2,y_vel_2,angle_2,kind,id_1,type_1,color_1,x_1,y_1,x_vel_1,y_vel_1,angle_1,id_2,type_2,color_2,x_2,y_2,x_vel_2,y_vel_2,angle_2,kind,id_1,type_1,color_1,x_1,y_1,x_vel_1,y_vel_1,angle_1,id_2,type_2,color_2,x_2,y_2,x_vel_2,y_vel_2,angle_2,kind,id_1,type_1,color_1,x_1,y_1,x_vel_1,y_vel_1,angle_1,id_2,type_2,color_2,x_2,y_2,x_vel_2,y_vel_2,angle_2,kind,id_1,type_1,color_1,x_1,y_1,x_vel_1,y_vel_1,angle_1,id_2,type_2,color_2,x_2,y_2,x_vel_2,y_vel_2,angle_2,kind,id_1,type_1,color_1,x_1,y_1,x_vel_1,y_vel_1,angle_1,id_2,type_2,color_2,x_2,y_2,x_vel_2,y_vel_2,angle_2,kind,id_1,type_1,color_1,x_1,y_1,x_vel_1,y_vel_1,angle_1,id_2,type_2,color_2,x_2,y_2,x_vel_2,y_vel_2,angle_2,kind,id_1,type_1,color_1,x_1,y_1,x_vel_1,y_vel_1,angle_1,id_2,type_2,color_2,x_2,y_2,x_vel_2,y_vel_2,angle_2,kind,id_1,type_1,color_1,x_1,y_1,x_vel_1,y_vel_1,angle_1,id_2,type_2,color_2,x_2,y_2,x_vel_2,y_vel_2,angle_2,kind,id_1,type_1,color_1,x_1,y_1,x_vel_1,y_vel_1,angle_1,id_2,type_2,color_2,x_2,y_2,x_vel_2,y_vel_2,angle_2,kind,id_1,type_1,color_1,x_1,y_1,x_vel_1,y_vel_1,angle_1,id_2,type_2,color_2,x_2,y_2,x_vel_2,y_vel_2,angle_2,kind,id_1,type_1,color_1,x_1,y_1,x_vel_1,y_vel_1,angle_1,id_2,type_2,color_2,x_2,y_2,x_vel_2,y_vel_2,angle_2,kind,id_1,type_1,color_1,x_1,y_1,x_vel_1,y_vel_1,angle_1,id_2,type_2,color_2,x_2,y_2,x_vel_2,y_vel_2,angle_2,kind,id_1,type_1,color_1,x_1,y_1,x_vel_1,y_vel_1,angle_1,id_2,type_2,color_2,x_2,y_2,x_vel_2,y_vel_2,angle_2,kind,id_1,type_1,color_1,x_1,y_1,x_vel_1,y_vel_1,angle_1,id_2,type_2,color_2,x_2,y_2,x_vel_2,y_vel_2,angle_2,kind,id_1,type_1,color_1,x_1,y_1,x_vel_1,y_vel_1,angle_1,id_2,type_2,color_2,x_2,y_2,x_vel_2,y_vel_2,angle_2,kind,id_1,type_1,color_1,x_1,y_1,x_vel_1,y_vel_1,angle_1,id_2,type_2,color_2,x_2,y_2,x_vel_2,y_vel_2,angle_2,kind,id_1,type_1,color_1,x_1,y_1,x_vel_1,y_vel_1,angle_1,id_2,type_2,color_2,x_2,y_2,x_vel_2,y_vel_2,angle_2,kind,id_1,type_1,color_1,x_1,y_1,x_vel_1,y_vel_1,angle_1,id_2,type_2,color_2,x_2,y_2,x_vel_2,y_vel_2,angle_2,kind,id_1,type_1,color_1,x_1,y_1,x_vel_1,y_vel_1,angle_1,id_2,type_2,color_2,x_2,y_2,x_vel_2,y_vel_2,angle_2,kind,id_1,type_1,color_1,x_1,y_1,x_vel_1,y_vel_1,angle_1,id_2,type_2,color_2,x_2,y_2,x_vel_2,y_vel_2,angle_2,kind,id_1,type_1,color_1,x_1,y_1,x_vel_1,y_vel_1,angle_1,id_2,type_2,color_2,x_2,y_2,x_vel_2,y_vel_2,angle_2,kind,id_1,type_1,color_1,x_1,y_1,x_vel_1,y_vel_1,angle_1,id_2,type_2,color_2,x_2,y_2,x_vel_2,y_vel_2,angle_2,kind,id_1,type_1,color_1,x_1,y_1,x_vel_1,y_vel_1,angle_1,id_2,type_2,color_2,x_2,y_2,x_vel_2,y_vel_2,angle_2,kind,id_1,type_1,color_1,x_1,y_1,x_vel_1,y_vel_1,angle_1,id_2,type_2,color_2,x_2,y_2,x_vel_2,y_vel_2,angle_2,kind,id_1,type_1,color_1,x_1,y_1,x_vel_1,y_vel_1,angle_1,id_2,type_2,color_2,x_2,y_2,x_vel_2,y_vel_2,angle_2,kind,id_1,type_1,color_1,x_1,y_1,x_vel_1,y_vel_1,angle_1,id_2,type_2,color_2,x_2,y_2,x_vel_2,y_vel_2,angle_2,kind,id_1,type_1,color_1,x_1,y_1,x_vel_1,y_vel_1,angle_1,id_2,type_2,color_2,x_2,y_2,x_vel_2,y_vel_2,angle_2,kind,id_1,type_1,color_1,x_1,y_1,x_vel_1,y_vel_1,angle_1,id_2,type_2,color_2,x_2,y_2,x_vel_2,y_vel_2,angle_2,kind,id_1,type_1,color_1,x_1,y_1,x_vel_1,y_vel_1,angle_1,id_2,type_2,color_2,x_2,y_2,x_vel_2,y_vel_2,angle_2,kind,id_1,type_1,color_1,x_1,y_1,x_vel_1,y_vel_1,angle_1,id_2,type_2,color_2,x_2,y_2,x_vel_2,y_vel_2,angle_2,kind,id_1,type_1,color_1,x_1,y_1,x_vel_1,y_vel_1,angle_1,id_2,type_2,color_2,x_2,y_2,x_vel_2,y_vel_2,angle_2,kind,id_1,type_1,color_1,x_1,y_1,x_vel_1,y_vel_1,angle_1,id_2,type_2,color_2,x_2,y_2,x_vel_2,y_vel_2,angle_2,kind,id_1,type_1,color_1,x_1,y_1,x_vel_1,y_vel_1,angle_1,id_2,type_2,color_2,x_2,y_2,x_vel_2,y_vel_2,angle_2,kind,id_1,type_1,color_1,x_1,y_1,x_vel_1,y_vel_1,angle_1,id_2,type_2,color_2,x_2,y_2,x_vel_2,y_vel_2,angle_2,kind,id_1,type_1,color_1,x_1,y_1,x_vel_1,y_vel_1,angle_1,id_2,type_2,color_2,x_2,y_2,x_vel_2,y_vel_2,angle_2,kind,id_1,type_1,color_1,x_1,y_1,x_vel_1,y_vel_1,angle_1,id_2,type_2,color_2,x_2,y_2,x_vel_2,y_vel_2,angle_2,kind,id_1,type_1,color_1,x_1,y_1,x_vel_1,y_vel_1,angle_1,id_2,type_2,color_2,x_2,y_2,x_vel_2,y_vel_2,angle_2,kind,id_1,type_1,color_1,x_1,y_1,x_vel_1,y_vel_1,angle_1,id_2,type_2,color_2,x_2,y_2,x_vel_2,y_vel_2,angle_2,kind,id_1,type_1,color_1,x_1,y_1,x_vel_1,y_vel_1,angle_1,id_2,type_2,color_2,x_2,y_2,x_vel_2,y_vel_2,angle_2,kind,id_1,type_1,color_1,x_1,y_1,x_vel_1,y_vel_1,angle_1,id_2,type_2,color_2,x_2,y_2,x_vel_2,y_vel_2,angle_2,kind,id_1,type_1,color_1,x_1,y_1,x_vel_1,y_vel_1,angle_1,id_2,type_2,color_2,x_2,y_2,x_vel_2,y_vel_2,angle_2,kind,id_1,type_1,color_1,x_1,y_1,x_vel_1,y_vel_1,angle_1,id_2,type_2,color_2,x_2,y_2,x_vel_2,y_vel_2,angle_2,kind,id_1,type_1,color_1,x_1,y_1,x_vel_1,y_vel_1,angle_1,id_2,type_2,color_2,x_2,y_2,x_vel_2,y_vel_2,angle_2,kind,id_1,type_1,color_1,x_1,y_1,x_vel_1,y_vel_1,angle_1,id_2,type_2,color_2,x_2,y_2,x_vel_2,y_vel_2,angle_2,kind,id_1,type_1,color_1,x_1,y_1,x_vel_1,y_vel_1,angle_1,id_2,type_2,color_2,x_2,y_2,x_vel_2,y_vel_2,angle_2,kind,id_1,type_1,color_1,x_1,y_1,x_vel_1,y_vel_1,angle_1,id_2,type_2,color_2,x_2,y_2,x_vel_2,y_vel_2,angle_2,kind,id_1,type_1,color_1,x_1,y_1,x_vel_1,y_vel_1,angle_1,id_2,type_2,color_2,x_2,y_2,x_vel_2,y_vel_2,angle_2,kind,id_1,type_1,color_1,x_1,y_1,x_vel_1,y_vel_1,angle_1,id_2,type_2,color_2,x_2,y_2,x_vel_2,y_vel_2,angle_2,kind,id_1,type_1,color_1,x_1,y_1,x_vel_1,y_vel_1,angle_1,id_2,type_2,color_2,x_2,y_2,x_vel_2,y_vel_2,angle_2,kind,id_1,type_1,color_1,x_1,y_1,x_vel_1,y_vel_1,angle_1,id_2,type_2,color_2,x_2,y_2,x_vel_2,y_vel_2,angle_2,kind,id_1,type_1,color_1,x_1,y_1,x_vel_1,y_vel_1,angle_1,id_2,type_2,color_2,x_2,y_2,x_vel_2,y_vel_2,angle_2,kind,id_1,type_1,color_1,x_1,y_1,x_vel_1,y_vel_1,angle_1,id_2,type_2,color_2,x_2,y_2,x_vel_2,y_vel_2,angle_2,kind,id_1,type_1,color_1,x_1,y_1,x_vel_1,y_vel_1,angle_1,id_2,type_2,color_2,x_2,y_2,x_vel_2,y_vel_2,angle_2,kind,id_1,type_1,color_1,x_1,y_1,x_vel_1,y_vel_1,angle_1,id_2,type_2,color_2,x_2,y_2,x_vel_2,y_vel_2,angle_2,kind,id_1,type_1,color_1,x_1,y_1,x_vel_1,y_vel_1,angle_1,id_2,type_2,color_2,x_2,y_2,x_vel_2,y_vel_2,angle_2,kind,id_1,type_1,color_1,x_1,y_1,x_vel_1,y_vel_1,angle_1,id_2,type_2,color_2,x_2,y_2,x_vel_2,y_vel_2,angle_2,kind,id_1,type_1,color_1,x_1,y_1,x_vel_1,y_vel_1,angle_1,id_2,type_2,color_2,x_2,y_2,x_vel_2,y_vel_2,angle_2,kind,id_1,type_1,color_1,x_1,y_1,x_vel_1,y_vel_1,angle_1,id_2,type_2,color_2,x_2,y_2,x_vel_2,y_vel_2,angle_2,kind,id_1,type_1,color_1,x_1,y_1,x_vel_1,y_vel_1,angle_1,id_2,type_2,color_2,x_2,y_2,x_vel_2,y_vel_2,angle_2,kind,id_1,type_1,color_1,x_1,y_1,x_vel_1,y_vel_1,angle_1,id_2,type_2,color_2,x_2,y_2,x_vel_2,y_vel_2,angle_2,kind,id_1,type_1,color_1,x_1,y_1,x_vel_1,y_vel_1,angle_1,id_2,type_2,color_2,x_2,y_2,x_vel_2,y_vel_2,angle_2,kind,id_1,type_1,color_1,x_1,y_1,x_vel_1,y_vel_1,angle_1,id_2,type_2,color_2,x_2,y_2,x_vel_2,y_vel_2,angle_2,kind,id_1,type_1,color_1,x_1,y_1,x_vel_1,y_vel_1,angle_1,id_2,type_2,color_2,x_2,y_2,x_vel_2,y_vel_2,angle_2,kind,id_1,type_1,color_1,x_1,y_1,x_vel_1,y_vel_1,angle_1,id_2,type_2,color_2,x_2,y_2,x_vel_2,y_vel_2,angle_2,kind,id_1,type_1,color_1,x_1,y_1,x_vel_1,y_vel_1,angle_1,id_2,type_2,color_2,x_2,y_2,x_vel_2,y_vel_2,angle_2,kind,id_1,type_1,color_1,x_1,y_1,x_vel_1,y_vel_1,angle_1,id_2,type_2,color_2,x_2,y_2,x_vel_2,y_vel_2,angle_2,kind,id_1,type_1,color_1,x_1,y_1,x_vel_1,y_vel_1,angle_1,id_2,type_2,color_2,x_2,y_2,x_vel_2,y_vel_2,angle_2,kind,id_1,type_1,color_1,x_1,y_1,x_vel_1,y_vel_1,angle_1,id_2,type_2,color_2,x_2,y_2,x_vel_2,y_vel_2,angle_2,kind,id_1,type_1,color_1,x_1,y_1,x_vel_1,y_vel_1,angle_1,id_2,type_2,color_2,x_2,y_2,x_vel_2,y_vel_2,angle_2,kind,id_1,type_1,color_1,x_1,y_1,x_vel_1,y_vel_1,angle_1,id_2,type_2,color_2,x_2,y_2,x_vel_2,y_vel_2,angle_2,kind,id_1,type_1,color_1,x_1,y_1,x_vel_1,y_vel_1,angle_1,id_2,type_2,color_2,x_2,y_2,x_vel_2,y_vel_2,angle_2,kind,id_1,type_1,color_1,x_1,y_1,x_vel_1,y_vel_1,angle_1,id_2,type_2,color_2,x_2,y_2,x_vel_2,y_vel_2,angle_2,kind,id_1,type_1,color_1,x_1,y_1,x_vel_1,y_vel_1,angle_1,id_2,type_2,color_2,x_2,y_2,x_vel_2,y_vel_2,angle_2,kind,id_1,type_1,color_1,x_1,y_1,x_vel_1,y_vel_1,angle_1,id_2,type_2,color_2,x_2,y_2,x_vel_2,y_vel_2,angle_2,kind,id_1,type_1,color_1,x_1,y_1,x_vel_1,y_vel_1,angle_1,id_2,type_2,color_2,x_2,y_2,x_vel_2,y_vel_2,angle_2,kind,id_1,type_1,color_1,x_1,y_1,x_vel_1,y_vel_1,angle_1,id_2,type_2,color_2,x_2,y_2,x_vel_2,y_vel_2,angle_2,kind,id_1,type_1,color_1,x_1,y_1,x_vel_1,y_vel_1,angle_1,id_2,type_2,color_2,x_2,y_2,x_vel_2,y_vel_2,angle_2,kind,id_1,type_1,color_1,x_1,y_1,x_vel_1,y_vel_1,angle_1,id_2,type_2,color_2,x_2,y_2,x_vel_2,y_vel_2,angle_2,kind,id_1,type_1,color_1,x_1,y_1,x_vel_1,y_vel_1,angle_1,id_2,type_2,color_2,x_2,y_2,x_vel_2,y_vel_2,angle_2,kind,id_1,type_1,color_1,x_1,y_1,x_vel_1,y_vel_1,angle_1,id_2,type_2,color_2,x_2,y_2,x_vel_2,y_vel_2,angle_2,kind,id_1,type_1,color_1,x_1,y_1,x_vel_1,y_vel_1,angle_1,id_2,type_2,color_2,x_2,y_2,x_vel_2,y_vel_2,angle_2,kind,id_1,type_1,color_1,x_1,y_1,x_vel_1,y_vel_1,angle_1,id_2,type_2,color_2,x_2,y_2,x_vel_2,y_vel_2,angle_2,kind,id_1,type_1,color_1,x_1,y_1,x_vel_1,y_vel_1,angle_1,id_2,type_2,color_2,x_2,y_2,x_vel_2,y_vel_2,angle_2,kind,id_1,type_1,color_1,x_1,y_1,x_vel_1,y_vel_1,angle_1,id_2,type_2,color_2,x_2,y_2,x_vel_2,y_vel_2,angle_2,kind,id_1,type_1,color_1,x_1,y_1,x_vel_1,y_vel_1,angle_1,id_2,type_2,color_2,x_2,y_2,x_vel_2,y_vel_2,angle_2,kind,id_1,type_1,color_1,x_1,y_1,x_vel_1,y_vel_1,angle_1,id_2,type_2,color_2,x_2,y_2,x_vel_2,y_vel_2,angle_2,kind,id_1,type_1,color_1,x_1,y_1,x_vel_1,y_vel_1,angle_1,id_2,type_2,color_2,x_2,y_2,x_vel_2,y_vel_2,angle_2,kind,id_1,type_1,color_1,x_1,y_1,x_vel_1,y_vel_1,angle_1,id_2,type_2,color_2,x_2,y_2,x_vel_2,y_vel_2,angle_2,kind,id_1,type_1,color_1,x_1,y_1,x_vel_1,y_vel_1,angle_1,id_2,type_2,color_2,x_2,y_2,x_vel_2,y_vel_2,angle_2,kind,id_1,type_1,color_1,x_1,y_1,x_vel_1,y_vel_1,angle_1,id_2,type_2,color_2,x_2,y_2,x_vel_2,y_vel_2,angle_2,kind,id_1,type_1,color_1,x_1,y_1,x_vel_1,y_vel_1,angle_1,id_2,type_2,color_2,x_2,y_2,x_vel_2,y_vel_2,angle_2,kind,id_1,type_1,color_1,x_1,y_1,x_vel_1,y_vel_1,angle_1,id_2,type_2,color_2,x_2,y_2,x_vel_2,y_vel_2,angle_2,kind,id_1,type_1,color_1,x_1,y_1,x_vel_1,y_vel_1,angle_1,id_2,type_2,color_2,x_2,y_2,x_vel_2,y_vel_2,angle_2,kind,id_1,type_1,color_1,x_1,y_1,x_vel_1,y_vel_1,angle_1,id_2,type_2,color_2,x_2,y_2,x_vel_2,y_vel_2,angle_2,kind,id_1,type_1,color_1,x_1,y_1,x_vel_1,y_vel_1,angle_1,id_2,type_2,color_2,x_2,y_2,x_vel_2,y_vel_2,angle_2,kind,id_1,type_1,color_1,x_1,y_1,x_vel_1,y_vel_1,angle_1,id_2,type_2,color_2,x_2,y_2,x_vel_2,y_vel_2,angle_2,kind,id_1,type_1,color_1,x_1,y_1,x_vel_1,y_vel_1,angle_1,id_2,type_2,color_2,x_2,y_2,x_vel_2,y_vel_2,angle_2,kind,id_1,type_1,color_1,x_1,y_1,x_vel_1,y_vel_1,angle_1,id_2,type_2,color_2,x_2,y_2,x_vel_2,y_vel_2,angle_2,kind,id_1,type_1,color_1,x_1,y_1,x_vel_1,y_vel_1,angle_1,id_2,type_2,color_2,x_2,y_2,x_vel_2,y_vel_2,angle_2,kind,id_1,type_1,color_1,x_1,y_1,x_vel_1,y_vel_1,angle_1,id_2,type_2,color_2,x_2,y_2,x_vel_2,y_vel_2,angle_2,kind,id_1,type_1,color_1,x_1,y_1,x_vel_1,y_vel_1,angle_1,id_2,type_2,color_2,x_2,y_2,x_vel_2,y_vel_2,angle_2,kind,id_1,type_1,color_1,x_1,y_1,x_vel_1,y_vel_1,angle_1,id_2,type_2,color_2,x_2,y_2,x_vel_2,y_vel_2,angle_2,kind,id_1,type_1,color_1,x_1,y_1,x_vel_1,y_vel_1,angle_1,id_2,type_2,color_2,x_2,y_2,x_vel_2,y_vel_2,angle_2,kind,id_1,type_1,color_1,x_1,y_1,x_vel_1,y_vel_1,angle_1,id_2,type_2,color_2,x_2,y_2,x_vel_2,y_vel_2,angle_2,kind,id_1,type_1,color_1,x_1,y_1,x_vel_1,y_vel_1,angle_1,id_2,type_2,color_2,x_2,y_2,x_vel_2,y_vel_2,angle_2,kind,id_1,type_1,color_1,x_1,y_1,x_vel_1,y_vel_1,angle_1,id_2,type_2,color_2,x_2,y_2,x_vel_2,y_vel_2,angle_2,kind,id_1,type_1,color_1,x_1,y_1,x_vel_1,y_vel_1,angle_1,id_2,type_2,color_2,x_2,y_2,x_vel_2,y_vel_2,angle_2,kind,id_1,type_1,color_1,x_1,y_1,x_vel_1,y_vel_1,angle_1,id_2,type_2,color_2,x_2,y_2,x_vel_2,y_vel_2,angle_2,kind,id_1,type_1,color_1,x_1,y_1,x_vel_1,y_vel_1,angle_1,id_2,type_2,color_2,x_2,y_2,x_vel_2,y_vel_2,angle_2,kind,id_1,type_1,color_1,x_1,y_1,x_vel_1,y_vel_1,angle_1,id_2,type_2,color_2,x_2,y_2,x_vel_2,y_vel_2,angle_2,kind,id_1,type_1,color_1,x_1,y_1,x_vel_1,y_vel_1,angle_1,id_2,type_2,color_2,x_2,y_2,x_vel_2,y_vel_2,angle_2,kind,id_1,type_1,color_1,x_1,y_1,x_vel_1,y_vel_1,angle_1,id_2,type_2,color_2,x_2,y_2,x_vel_2,y_vel_2,angle_2,kind,id_1,type_1,color_1,x_1,y_1,x_vel_1,y_vel_1,angle_1,id_2,type_2,color_2,x_2,y_2,x_vel_2,y_vel_2,angle_2,kind,id_1,type_1,color_1,x_1,y_1,x_vel_1,y_vel_1,angle_1,id_2,type_2,color_2,x_2,y_2,x_vel_2,y_vel_2,angle_2,kind,id_1,type_1,color_1,x_1,y_1,x_vel_1,y_vel_1,angle_1,id_2,type_2,color_2,x_2,y_2,x_vel_2,y_vel_2,angle_2,kind,id_1,type_1,color_1,x_1,y_1,x_vel_1,y_vel_1,angle_1,id_2,type_2,color_2,x_2,y_2,x_vel_2,y_vel_2,angle_2,kind,id_1,type_1,color_1,x_1,y_1,x_vel_1,y_vel_1,angle_1,id_2,type_2,color_2,x_2,y_2,x_vel_2,y_vel_2,angle_2,kind,id_1,type_1,color_1,x_1,y_1,x_vel_1,y_vel_1,angle_1,id_2,type_2,color_2,x_2,y_2,x_vel_2,y_vel_2,angle_2,kind,id_1,type_1,color_1,x_1,y_1,x_vel_1,y_vel_1,angle_1,id_2,type_2,color_2,x_2,y_2,x_vel_2,y_vel_2,angle_2,kind,id_1,type_1,color_1,x_1,y_1,x_vel_1,y_vel_1,angle_1,id_2,type_2,color_2,x_2,y_2,x_vel_2,y_vel_2,angle_2,kind,id_1,type_1,color_1,x_1,y_1,x_vel_1,y_vel_1,angle_1,id_2,type_2,color_2,x_2,y_2,x_vel_2,y_vel_2,angle_2,kind,id_1,type_1,color_1,x_1,y_1,x_vel_1,y_vel_1,angle_1,id_2,type_2,color_2,x_2,y_2,x_vel_2,y_vel_2,angle_2,kind,id_1,type_1,color_1,x_1,y_1,x_vel_1,y_vel_1,angle_1,id_2,type_2,color_2,x_2,y_2,x_vel_2,y_vel_2,angle_2,kind,id_1,type_1,color_1,x_1,y_1,x_vel_1,y_vel_1,angle_1,id_2,type_2,color_2,x_2,y_2,x_vel_2,y_vel_2,angle_2,kind,id_1,type_1,color_1,x_1,y_1,x_vel_1,y_vel_1,angle_1,id_2,type_2,color_2,x_2,y_2,x_vel_2,y_vel_2,angle_2,kind,id_1,type_1,color_1,x_1,y_1,x_vel_1,y_vel_1,angle_1,id_2,type_2,color_2,x_2,y_2,x_vel_2,y_vel_2,angle_2,kind,id_1,type_1,color_1,x_1,y_1,x_vel_1,y_vel_1,angle_1,id_2,type_2,color_2,x_2,y_2,x_vel_2,y_vel_2,angle_2,kind,id_1,type_1,color_1,x_1,y_1,x_vel_1,y_vel_1,angle_1,id_2,type_2,color_2,x_2,y_2,x_vel_2,y_vel_2,angle_2,kind,id_1,type_1,color_1,x_1,y_1,x_vel_1,y_vel_1,angle_1,id_2,type_2,color_2,x_2,y_2,x_vel_2,y_vel_2,angle_2,kind,id_1,type_1,color_1,x_1,y_1,x_vel_1,y_vel_1,angle_1,id_2,type_2,color_2,x_2,y_2,x_vel_2,y_vel_2,angle_2,kind,id_1,type_1,color_1,x_1,y_1,x_vel_1,y_vel_1,angle_1,id_2,type_2,color_2,x_2,y_2,x_vel_2,y_vel_2,angle_2,kind,id_1,type_1,color_1,x_1,y_1,x_vel_1,y_vel_1,angle_1,id_2,type_2,color_2,x_2,y_2,x_vel_2,y_vel_2,angle_2,kind,id_1,type_1,color_1,x_1,y_1,x_vel_1,y_vel_1,angle_1,id_2,type_2,color_2,x_2,y_2,x_vel_2,y_vel_2,angle_2,kind,id_1,type_1,color_1,x_1,y_1,x_vel_1,y_vel_1,angle_1,id_2,type_2,color_2,x_2,y_2,x_vel_2,y_vel_2,angle_2,kind,id_1,type_1,color_1,x_1,y_1,x_vel_1,y_vel_1,angle_1,id_2,type_2,color_2,x_2,y_2,x_vel_2,y_vel_2,angle_2,kind,id_1,type_1,color_1,x_1,y_1,x_vel_1,y_vel_1,angle_1,id_2,type_2,color_2,x_2,y_2,x_vel_2,y_vel_2,angle_2,kind,id_1,type_1,color_1,x_1,y_1,x_vel_1,y_vel_1,angle_1,id_2,type_2,color_2,x_2,y_2,x_vel_2,y_vel_2,angle_2,kind,id_1,type_1,color_1,x_1,y_1,x_vel_1,y_vel_1,angle_1,id_2,type_2,color_2,x_2,y_2,x_vel_2,y_vel_2,angle_2,kind,id_1,type_1,color_1,x_1,y_1,x_vel_1,y_vel_1,angle_1,id_2,type_2,color_2,x_2,y_2,x_vel_2,y_vel_2,angle_2,kind,id_1,type_1,color_1,x_1,y_1,x_vel_1,y_vel_1,angle_1,id_2,type_2,color_2,x_2,y_2,x_vel_2,y_vel_2,angle_2,kind,id_1,type_1,color_1,x_1,y_1,x_vel_1,y_vel_1,angle_1,id_2,type_2,color_2,x_2,y_2,x_vel_2,y_vel_2,angle_2,kind,id_1,type_1,color_1,x_1,y_1,x_vel_1,y_vel_1,angle_1,id_2,type_2,color_2,x_2,y_2,x_vel_2,y_vel_2,angle_2,kind,id_1,type_1,color_1,x_1,y_1,x_vel_1,y_vel_1,angle_1,id_2,type_2,color_2,x_2,y_2,x_vel_2,y_vel_2,angle_2,kind,id_1,type_1,color_1,x_1,y_1,x_vel_1,y_vel_1,angle_1,id_2,type_2,color_2,x_2,y_2,x_vel_2,y_vel_2,angle_2,kind,id_1,type_1,color_1,x_1,y_1,x_vel_1,y_vel_1,angle_1,id_2,type_2,color_2,x_2,y_2,x_vel_2,y_vel_2,angle_2,kind,id_1,type_1,color_1,x_1,y_1,x_vel_1,y_vel_1,angle_1,id_2,type_2,color_2,x_2,y_2,x_vel_2,y_vel_2,angle_2,kind,id_1,type_1,color_1,x_1,y_1,x_vel_1,y_vel_1,angle_1,id_2,type_2,color_2,x_2,y_2,x_vel_2,y_vel_2,angle_2,kind,id_1,type_1,color_1,x_1,y_1,x_vel_1,y_vel_1,angle_1,id_2,type_2,color_2,x_2,y_2,x_vel_2,y_vel_2,angle_2,kind,id_1,type_1,color_1,x_1,y_1,x_vel_1,y_vel_1,angle_1,id_2,type_2,color_2,x_2,y_2,x_vel_2,y_vel_2,angle_2,kind,id_1,type_1,color_1,x_1,y_1,x_vel_1,y_vel_1,angle_1,id_2,type_2,color_2,x_2,y_2,x_vel_2,y_vel_2,angle_2,kind,id_1,type_1,color_1,x_1,y_1,x_vel_1,y_vel_1,angle_1,id_2,type_2,color_2,x_2,y_2,x_vel_2,y_vel_2,angle_2,kind,id_1,type_1,color_1,x_1,y_1,x_vel_1,y_vel_1,angle_1,id_2,type_2,color_2,x_2,y_2,x_vel_2,y_vel_2,angle_2,kind,id_1,type_1,color_1,x_1,y_1,x_vel_1,y_vel_1,angle_1,id_2,type_2,color_2,x_2,y_2,x_vel_2,y_vel_2,angle_2,kind,id_1,type_1,color_1,x_1,y_1,x_vel_1,y_vel_1,angle_1,id_2,type_2,color_2,x_2,y_2,x_vel_2,y_vel_2,angle_2,kind,id_1,type_1,color_1,x_1,y_1,x_vel_1,y_vel_1,angle_1,id_2,type_2,color_2,x_2,y_2,x_vel_2,y_vel_2,angle_2,kind,id_1,type_1,color_1,x_1,y_1,x_vel_1,y_vel_1,angle_1,id_2,type_2,color_2,x_2,y_2,x_vel_2,y_vel_2,angle_2,kind,id_1,type_1,color_1,x_1,y_1,x_vel_1,y_vel_1,angle_1,id_2,type_2,color_2,x_2,y_2,x_vel_2,y_vel_2,angle_2,kind,id_1,type_1,color_1,x_1,y_1,x_vel_1,y_vel_1,angle_1,id_2,type_2,color_2,x_2,y_2,x_vel_2,y_vel_2,angle_2,kind,id_1,type_1,color_1,x_1,y_1,x_vel_1,y_vel_1,angle_1,id_2,type_2,color_2,x_2,y_2,x_vel_2,y_vel_2,angle_2,kind,id_1,type_1,color_1,x_1,y_1,x_vel_1,y_vel_1,angle_1,id_2,type_2,color_2,x_2,y_2,x_vel_2,y_vel_2,angle_2,kind,id_1,type_1,color_1,x_1,y_1,x_vel_1,y_vel_1,angle_1,id_2,type_2,color_2,x_2,y_2,x_vel_2,y_vel_2,angle_2,kind,id_1,type_1,color_1,x_1,y_1,x_vel_1,y_vel_1,angle_1,id_2,type_2,color_2,x_2,y_2,x_vel_2,y_vel_2,angle_2,kind,id_1,type_1,color_1,x_1,y_1,x_vel_1,y_vel_1,angle_1,id_2,type_2,color_2,x_2,y_2,x_vel_2,y_vel_2,angle_2,kind,id_1,type_1,color_1,x_1,y_1,x_vel_1,y_vel_1,angle_1,id_2,type_2,color_2,x_2,y_2,x_vel_2,y_vel_2,angle_2,kind,id_1,type_1,color_1,x_1,y_1,x_vel_1,y_vel_1,angle_1,id_2,type_2,color_2,x_2,y_2,x_vel_2,y_vel_2,angle_2,kind,id_1,type_1,color_1,x_1,y_1,x_vel_1,y_vel_1,angle_1,id_2,type_2,color_2,x_2,y_2,x_vel_2,y_vel_2,angle_2,kind,id_1,type_1,color_1,x_1,y_1,x_vel_1,y_vel_1,angle_1,id_2,type_2,color_2,x_2,y_2,x_vel_2,y_vel_2,angle_2,kind,id_1,type_1,color_1,x_1,y_1,x_vel_1,y_vel_1,angle_1,id_2,type_2,color_2,x_2,y_2,x_vel_2,y_vel_2,angle_2,kind,id_1,type_1,color_1,x_1,y_1,x_vel_1,y_vel_1,angle_1,id_2,type_2,color_2,x_2,y_2,x_vel_2,y_vel_2,angle_2,kind,id_1,type_1,color_1,x_1,y_1,x_vel_1,y_vel_1,angle_1,id_2,type_2,color_2,x_2,y_2,x_vel_2,y_vel_2,angle_2,kind,id_1,type_1,color_1,x_1,y_1,x_vel_1,y_vel_1,angle_1,id_2,type_2,color_2,x_2,y_2,x_vel_2,y_vel_2,angle_2,kind,id_1,type_1,color_1,x_1,y_1,x_vel_1,y_vel_1,angle_1,id_2,type_2,color_2,x_2,y_2,x_vel_2,y_vel_2,angle_2,kind,id_1,type_1,color_1,x_1,y_1,x_vel_1,y_vel_1,angle_1,id_2,type_2,color_2,x_2,y_2,x_vel_2,y_vel_2,angle_2,kind,id_1,type_1,color_1,x_1,y_1,x_vel_1,y_vel_1,angle_1,id_2,type_2,color_2,x_2,y_2,x_vel_2,y_vel_2,angle_2,kind,id_1,type_1,color_1,x_1,y_1,x_vel_1,y_vel_1,angle_1,id_2,type_2,color_2,x_2,y_2,x_vel_2,y_vel_2,angle_2,kind,id_1,type_1,color_1,x_1,y_1,x_vel_1,y_vel_1,angle_1,id_2,type_2,color_2,x_2,y_2,x_vel_2,y_vel_2,angle_2,kind,id_1,type_1,color_1,x_1,y_1,x_vel_1,y_vel_1,angle_1,id_2,type_2,color_2,x_2,y_2,x_vel_2,y_vel_2,angle_2,kind,id_1,type_1,color_1,x_1,y_1,x_vel_1,y_vel_1,angle_1,id_2,type_2,color_2,x_2,y_2,x_vel_2,y_vel_2,angle_2,kind,id_1,type_1,color_1,x_1,y_1,x_vel_1,y_vel_1,angle_1,id_2,type_2,color_2,x_2,y_2,x_vel_2,y_vel_2,angle_2,kind,id_1,type_1,color_1,x_1,y_1,x_vel_1,y_vel_1,angle_1,id_2,type_2,color_2,x_2,y_2,x_vel_2,y_vel_2,angle_2,kind,id_1,type_1,color_1,x_1,y_1,x_vel_1,y_vel_1,angle_1,id_2,type_2,color_2,x_2,y_2,x_vel_2,y_vel_2,angle_2,kind,id_1,type_1,color_1,x_1,y_1,x_vel_1,y_vel_1,angle_1,id_2,type_2,color_2,x_2,y_2,x_vel_2,y_vel_2,angle_2,kind,id_1,type_1,color_1,x_1,y_1,x_vel_1,y_vel_1,angle_1,id_2,type_2,color_2,x_2,y_2,x_vel_2,y_vel_2,angle_2,kind,id_1,type_1,color_1,x_1,y_1,x_vel_1,y_vel_1,angle_1,id_2,type_2,color_2,x_2,y_2,x_vel_2,y_vel_2,angle_2,kind,id_1,type_1,color_1,x_1,y_1,x_vel_1,y_vel_1,angle_1,id_2,type_2,color_2,x_2,y_2,x_vel_2,y_vel_2,angle_2,kind,id_1,type_1,color_1,x_1,y_1,x_vel_1,y_vel_1,angle_1,id_2,type_2,color_2,x_2,y_2,x_vel_2,y_vel_2,angle_2,kind,id_1,type_1,color_1,x_1,y_1,x_vel_1,y_vel_1,angle_1,id_2,type_2,color_2,x_2,y_2,x_vel_2,y_vel_2,angle_2,kind,id_1,type_1,color_1,x_1,y_1,x_vel_1,y_vel_1,angle_1,id_2,type_2,color_2,x_2,y_2,x_vel_2,y_vel_2,angle_2,kind,id_1,type_1,color_1,x_1,y_1,x_vel_1,y_vel_1,angle_1,id_2,type_2,color_2,x_2,y_2,x_vel_2,y_vel_2,angle_2,kind,id_1,type_1,color_1,x_1,y_1,x_vel_1,y_vel_1,angle_1,id_2,type_2,color_2,x_2,y_2,x_vel_2,y_vel_2,angle_2,kind,id_1,type_1,color_1,x_1,y_1,x_vel_1,y_vel_1,angle_1,id_2,type_2,color_2,x_2,y_2,x_vel_2,y_vel_2,angle_2,kind,id_1,type_1,color_1,x_1,y_1,x_vel_1,y_vel_1,angle_1,id_2,type_2,color_2,x_2,y_2,x_vel_2,y_vel_2,angle_2,kind,id_1,type_1,color_1,x_1,y_1,x_vel_1,y_vel_1,angle_1,id_2,type_2,color_2,x_2,y_2,x_vel_2,y_vel_2,angle_2,kind,id_1,type_1,color_1,x_1,y_1,x_vel_1,y_vel_1,angle_1,id_2,type_2,color_2,x_2,y_2,x_vel_2,y_vel_2,angle_2,kind,id_1,type_1,color_1,x_1,y_1,x_vel_1,y_vel_1,angle_1,id_2,type_2,color_2,x_2,y_2,x_vel_2,y_vel_2,angle_2,kind,id_1,type_1,color_1,x_1,y_1,x_vel_1,y_vel_1,angle_1,id_2,type_2,color_2,x_2,y_2,x_vel_2,y_vel_2,angle_2,kind,id_1,type_1,color_1,x_1,y_1,x_vel_1,y_vel_1,angle_1,id_2,type_2,color_2,x_2,y_2,x_vel_2,y_vel_2,angle_2,kind,id_1,type_1,color_1,x_1,y_1,x_vel_1,y_vel_1,angle_1,id_2,type_2,color_2,x_2,y_2,x_vel_2,y_vel_2,angle_2,kind,id_1,type_1,color_1,x_1,y_1,x_vel_1,y_vel_1,angle_1,id_2,type_2,color_2,x_2,y_2,x_vel_2,y_vel_2,angle_2,kind,id_1,type_1,color_1,x_1,y_1,x_vel_1,y_vel_1,angle_1,id_2,type_2,color_2,x_2,y_2,x_vel_2,y_vel_2,angle_2,kind,id_1,type_1,color_1,x_1,y_1,x_vel_1,y_vel_1,angle_1,id_2,type_2,color_2,x_2,y_2,x_vel_2,y_vel_2,angle_2,kind,id_1,type_1,color_1,x_1,y_1,x_vel_1,y_vel_1,angle_1,id_2,type_2,color_2,x_2,y_2,x_vel_2,y_vel_2,angle_2,kind,id_1,type_1,color_1,x_1,y_1,x_vel_1,y_vel_1,angle_1,id_2,type_2,color_2,x_2,y_2,x_vel_2,y_vel_2,angle_2,kind,id_1,type_1,color_1,x_1,y_1,x_vel_1,y_vel_1,angle_1,id_2,type_2,color_2,x_2,y_2,x_vel_2,y_vel_2,angle_2,kind,id_1,type_1,color_1,x_1,y_1,x_vel_1,y_vel_1,angle_1,id_2,type_2,color_2,x_2,y_2,x_vel_2,y_vel_2,angle_2,kind,id_1,type_1,color_1,x_1,y_1,x_vel_1,y_vel_1,angle_1,id_2,type_2,color_2,x_2,y_2,x_vel_2,y_vel_2,angle_2,kind,id_1,type_1,color_1,x_1,y_1,x_vel_1,y_vel_1,angle_1,id_2,type_2,color_2,x_2,y_2,x_vel_2,y_vel_2,angle_2,kind,id_1,type_1,color_1,x_1,y_1,x_vel_1,y_vel_1,angle_1,id_2,type_2,color_2,x_2,y_2,x_vel_2,y_vel_2,angle_2,kind,id_1,type_1,color_1,x_1,y_1,x_vel_1,y_vel_1,angle_1,id_2,type_2,color_2,x_2,y_2,x_vel_2,y_vel_2,angle_2,kind,id_1,type_1,color_1,x_1,y_1,x_vel_1,y_vel_1,angle_1,id_2,type_2,color_2,x_2,y_2,x_vel_2,y_vel_2,angle_2,kind,id_1,type_1,color_1,x_1,y_1,x_vel_1,y_vel_1,angle_1,id_2,type_2,color_2,x_2,y_2,x_vel_2,y_vel_2,angle_2,kind,id_1,type_1,color_1,x_1,y_1,x_vel_1,y_vel_1,angle_1,id_2,type_2,color_2,x_2,y_2,x_vel_2,y_vel_2,angle_2,kind,id_1,type_1,color_1,x_1,y_1,x_vel_1,y_vel_1,angle_1,id_2,type_2,color_2,x_2,y_2,x_vel_2,y_vel_2,angle_2,kind,id_1,type_1,color_1,x_1,y_1,x_vel_1,y_vel_1,angle_1,id_2,type_2,color_2,x_2,y_2,x_vel_2,y_vel_2,angle_2,kind,id_1,type_1,color_1,x_1,y_1,x_vel_1,y_vel_1,angle_1,id_2,type_2,color_2,x_2,y_2,x_vel_2,y_vel_2,angle_2,kind,id_1,type_1,color_1,x_1,y_1,x_vel_1,y_vel_1,angle_1,id_2,type_2,color_2,x_2,y_2,x_vel_2,y_vel_2,angle_2,kind,id_1,type_1,color_1,x_1,y_1,x_vel_1,y_vel_1,angle_1,id_2,type_2,color_2,x_2,y_2,x_vel_2,y_vel_2,angle_2,kind,id_1,type_1,color_1,x_1,y_1,x_vel_1,y_vel_1,angle_1,id_2,type_2,color_2,x_2,y_2,x_vel_2,y_vel_2,angle_2,kind,id_1,type_1,color_1,x_1,y_1,x_vel_1,y_vel_1,angle_1,id_2,type_2,color_2,x_2,y_2,x_vel_2,y_vel_2,angle_2,kind,id_1,type_1,color_1,x_1,y_1,x_vel_1,y_vel_1,angle_1,id_2,type_2,color_2,x_2,y_2,x_vel_2,y_vel_2,angle_2,kind,id_1,type_1,color_1,x_1,y_1,x_vel_1,y_vel_1,angle_1,id_2,type_2,color_2,x_2,y_2,x_vel_2,y_vel_2,angle_2,kind,id_1,type_1,color_1,x_1,y_1,x_vel_1,y_vel_1,angle_1,id_2,type_2,color_2,x_2,y_2,x_vel_2,y_vel_2,angle_2,kind,id_1,type_1,color_1,x_1,y_1,x_vel_1,y_vel_1,angle_1,id_2,type_2,color_2,x_2,y_2,x_vel_2,y_vel_2,angle_2,kind,id_1,type_1,color_1,x_1,y_1,x_vel_1,y_vel_1,angle_1,id_2,type_2,color_2,x_2,y_2,x_vel_2,y_vel_2,angle_2,kind,id_1,type_1,color_1,x_1,y_1,x_vel_1,y_vel_1,angle_1,id_2,type_2,color_2,x_2,y_2,x_vel_2,y_vel_2,angle_2,kind,id_1,type_1,color_1,x_1,y_1,x_vel_1,y_vel_1,angle_1,id_2,type_2,color_2,x_2,y_2,x_vel_2,y_vel_2,angle_2,kind,id_1,type_1,color_1,x_1,y_1,x_vel_1,y_vel_1,angle_1,id_2,type_2,color_2,x_2,y_2,x_vel_2,y_vel_2,angle_2,kind,id_1,type_1,color_1,x_1,y_1,x_vel_1,y_vel_1,angle_1,id_2,type_2,color_2,x_2,y_2,x_vel_2,y_vel_2,angle_2,kind,id_1,type_1,color_1,x_1,y_1,x_vel_1,y_vel_1,angle_1,id_2,type_2,color_2,x_2,y_2,x_vel_2,y_vel_2,angle_2,kind,id_1,type_1,color_1,x_1,y_1,x_vel_1,y_vel_1,angle_1,id_2,type_2,color_2,x_2,y_2,x_vel_2,y_vel_2,angle_2,kind,id_1,type_1,color_1,x_1,y_1,x_vel_1,y_vel_1,angle_1,id_2,type_2,color_2,x_2,y_2,x_vel_2,y_vel_2,angle_2,kind,id_1,type_1,color_1,x_1,y_1,x_vel_1,y_vel_1,angle_1,id_2,type_2,color_2,x_2,y_2,x_vel_2,y_vel_2,angle_2,kind,id_1,type_1,color_1,x_1,y_1,x_vel_1,y_vel_1,angle_1,id_2,type_2,color_2,x_2,y_2,x_vel_2,y_vel_2,angle_2,kind,id_1,type_1,color_1,x_1,y_1,x_vel_1,y_vel_1,angle_1,id_2,type_2,color_2,x_2,y_2,x_vel_2,y_vel_2,angle_2,kind,id_1,type_1,color_1,x_1,y_1,x_vel_1,y_vel_1,angle_1,id_2,type_2,color_2,x_2,y_2,x_vel_2,y_vel_2,angle_2,kind,id_1,type_1,color_1,x_1,y_1,x_vel_1,y_vel_1,angle_1,id_2,type_2,color_2,x_2,y_2,x_vel_2,y_vel_2,angle_2,kind,id_1,type_1,color_1,x_1,y_1,x_vel_1,y_vel_1,angle_1,id_2,type_2,color_2,x_2,y_2,x_vel_2,y_vel_2,angle_2,kind,id_1,type_1,color_1,x_1,y_1,x_vel_1,y_vel_1,angle_1,id_2,type_2,color_2,x_2,y_2,x_vel_2,y_vel_2,angle_2,kind,id_1,type_1,color_1,x_1,y_1,x_vel_1,y_vel_1,angle_1,id_2,type_2,color_2,x_2,y_2,x_vel_2,y_vel_2,angle_2,kind,id_1,type_1,color_1,x_1,y_1,x_vel_1,y_vel_1,angle_1,id_2,type_2,color_2,x_2,y_2,x_vel_2,y_vel_2,angle_2,kind,id_1,type_1,color_1,x_1,y_1,x_vel_1,y_vel_1,angle_1,id_2,type_2,color_2,x_2,y_2,x_vel_2,y_vel_2,angle_2,kind,id_1,type_1,color_1,x_1,y_1,x_vel_1,y_vel_1,angle_1,id_2,type_2,color_2,x_2,y_2,x_vel_2,y_vel_2,angle_2,kind,id_1,type_1,color_1,x_1,y_1,x_vel_1,y_vel_1,angle_1,id_2,type_2,color_2,x_2,y_2,x_vel_2,y_vel_2,angle_2,kind,id_1,type_1,color_1,x_1,y_1,x_vel_1,y_vel_1,angle_1,id_2,type_2,color_2,x_2,y_2,x_vel_2,y_vel_2,angle_2,kind,id_1,type_1,color_1,x_1,y_1,x_vel_1,y_vel_1,angle_1,id_2,type_2,color_2,x_2,y_2,x_vel_2,y_vel_2,angle_2,kind,id_1,type_1,color_1,x_1,y_1,x_vel_1,y_vel_1,angle_1,id_2,type_2,color_2,x_2,y_2,x_vel_2,y_vel_2,angle_2,kind,id_1,type_1,color_1,x_1,y_1,x_vel_1,y_vel_1,angle_1,id_2,type_2,color_2,x_2,y_2,x_vel_2,y_vel_2,angle_2,kind,id_1,type_1,color_1,x_1,y_1,x_vel_1,y_vel_1,angle_1,id_2,type_2,color_2,x_2,y_2,x_vel_2,y_vel_2,angle_2,kind,id_1,type_1,color_1,x_1,y_1,x_vel_1,y_vel_1,angle_1,id_2,type_2,color_2,x_2,y_2,x_vel_2,y_vel_2,angle_2,kind,id_1,type_1,color_1,x_1,y_1,x_vel_1,y_vel_1,angle_1,id_2,type_2,color_2,x_2,y_2,x_vel_2,y_vel_2,angle_2,kind,id_1,type_1,color_1,x_1,y_1,x_vel_1,y_vel_1,angle_1,id_2,type_2,color_2,x_2,y_2,x_vel_2,y_vel_2,angle_2,kind,id_1,type_1,color_1,x_1,y_1,x_vel_1,y_vel_1,angle_1,id_2,type_2,color_2,x_2,y_2,x_vel_2,y_vel_2,angle_2,kind,id_1,type_1,color_1,x_1,y_1,x_vel_1,y_vel_1,angle_1,id_2,type_2,color_2,x_2,y_2,x_vel_2,y_vel_2,angle_2,kind,id_1,type_1,color_1,x_1,y_1,x_vel_1,y_vel_1,angle_1,id_2,type_2,color_2,x_2,y_2,x_vel_2,y_vel_2,angle_2,kind,id_1,type_1,color_1,x_1,y_1,x_vel_1,y_vel_1,angle_1,id_2,type_2,color_2,x_2,y_2,x_vel_2,y_vel_2,angle_2,kind,id_1,type_1,color_1,x_1,y_1,x_vel_1,y_vel_1,angle_1,id_2,type_2,color_2,x_2,y_2,x_vel_2,y_vel_2,angle_2,kind,id_1,type_1,color_1,x_1,y_1,x_vel_1,y_vel_1,angle_1,id_2,type_2,color_2,x_2,y_2,x_vel_2,y_vel_2,angle_2,kind,id_1,type_1,color_1,x_1,y_1,x_vel_1,y_vel_1,angle_1,id_2,type_2,color_2,x_2,y_2,x_vel_2,y_vel_2,angle_2,kind,id_1,type_1,color_1,x_1,y_1,x_vel_1,y_vel_1,angle_1,id_2,type_2,color_2,x_2,y_2,x_vel_2,y_vel_2,angle_2,kind,id_1,type_1,color_1,x_1,y_1,x_vel_1,y_vel_1,angle_1,id_2,type_2,color_2,x_2,y_2,x_vel_2,y_vel_2,angle_2,kind,id_1,type_1,color_1,x_1,y_1,x_vel_1,y_vel_1,angle_1,id_2,type_2,color_2,x_2,y_2,x_vel_2,y_vel_2,angle_2,kind,id_1,type_1,color_1,x_1,y_1,x_vel_1,y_vel_1,angle_1,id_2,type_2,color_2,x_2,y_2,x_vel_2,y_vel_2,angle_2,kind,id_1,type_1,color_1,x_1,y_1,x_vel_1,y_vel_1,angle_1,id_2,type_2,color_2,x_2,y_2,x_vel_2,y_vel_2,angle_2,kind,id_1,type_1,color_1,x_1,y_1,x_vel_1,y_vel_1,angle_1,id_2,type_2,color_2,x_2,y_2,x_vel_2,y_vel_2,angle_2,kind,id_1,type_1,color_1,x_1,y_1,x_vel_1,y_vel_1,angle_1,id_2,type_2,color_2,x_2,y_2,x_vel_2,y_vel_2,angle_2,kind,id_1,type_1,color_1,x_1,y_1,x_vel_1,y_vel_1,angle_1,id_2,type_2,color_2,x_2,y_2,x_vel_2,y_vel_2,angle_2,kind,id_1,type_1,color_1,x_1,y_1,x_vel_1,y_vel_1,angle_1,id_2,type_2,color_2,x_2,y_2,x_vel_2,y_vel_2,angle_2,kind,id_1,type_1,color_1,x_1,y_1,x_vel_1,y_vel_1,angle_1,id_2,type_2,color_2,x_2,y_2,x_vel_2,y_vel_2,angle_2,kind,id_1,type_1,color_1,x_1,y_1,x_vel_1,y_vel_1,angle_1,id_2,type_2,color_2,x_2,y_2,x_vel_2,y_vel_2,angle_2,kind,id_1,type_1,color_1,x_1,y_1,x_vel_1,y_vel_1,angle_1,id_2,type_2,color_2,x_2,y_2,x_vel_2,y_vel_2,angle_2,kind,id_1,type_1,color_1,x_1,y_1,x_vel_1,y_vel_1,angle_1,id_2,type_2,color_2,x_2,y_2,x_vel_2,y_vel_2,angle_2,kind,id_1,type_1,color_1,x_1,y_1,x_vel_1,y_vel_1,angle_1,id_2,type_2,color_2,x_2,y_2,x_vel_2,y_vel_2,angle_2,kind,id_1,type_1,color_1,x_1,y_1,x_vel_1,y_vel_1,angle_1,id_2,type_2,color_2,x_2,y_2,x_vel_2,y_vel_2,angle_2,kind,id_1,type_1,color_1,x_1,y_1,x_vel_1,y_vel_1,angle_1,id_2,type_2,color_2,x_2,y_2,x_vel_2,y_vel_2,angle_2,kind,id_1,type_1,color_1,x_1,y_1,x_vel_1,y_vel_1,angle_1,id_2,type_2,color_2,x_2,y_2,x_vel_2,y_vel_2,angle_2,kind,id_1,type_1,color_1,x_1,y_1,x_vel_1,y_vel_1,angle_1,id_2,type_2,color_2,x_2,y_2,x_vel_2,y_vel_2,angle_2,kind,id_1,type_1,color_1,x_1,y_1,x_vel_1,y_vel_1,angle_1,id_2,type_2,color_2,x_2,y_2,x_vel_2,y_vel_2,angle_2,kind,id_1,type_1,color_1,x_1,y_1,x_vel_1,y_vel_1,angle_1,id_2,type_2,color_2,x_2,y_2,x_vel_2,y_vel_2,angle_2,kind,id_1,type_1,color_1,x_1,y_1,x_vel_1,y_vel_1,angle_1,id_2,type_2,color_2,x_2,y_2,x_vel_2,y_vel_2,angle_2,kind,id_1,type_1,color_1,x_1,y_1,x_vel_1,y_vel_1,angle_1,id_2,type_2,color_2,x_2,y_2,x_vel_2,y_vel_2,angle_2,kind,id_1,type_1,color_1,x_1,y_1,x_vel_1,y_vel_1,angle_1,id_2,type_2,color_2,x_2,y_2,x_vel_2,y_vel_2,angle_2,kind,id_1,type_1,color_1,x_1,y_1,x_vel_1,y_vel_1,angle_1,id_2,type_2,color_2,x_2,y_2,x_vel_2,y_vel_2,angle_2,kind,id_1,type_1,color_1,x_1,y_1,x_vel_1,y_vel_1,angle_1,id_2,type_2,color_2,x_2,y_2,x_vel_2,y_vel_2,angle_2,kind,id_1,type_1,color_1,x_1,y_1,x_vel_1,y_vel_1,angle_1,id_2,type_2,color_2,x_2,y_2,x_vel_2,y_vel_2,angle_2,kind,id_1,type_1,color_1,x_1,y_1,x_vel_1,y_vel_1,angle_1,id_2,type_2,color_2,x_2,y_2,x_vel_2,y_vel_2,angle_2,kind,id_1,type_1,color_1,x_1,y_1,x_vel_1,y_vel_1,angle_1,id_2,type_2,color_2,x_2,y_2,x_vel_2,y_vel_2,angle_2,kind,id_1,type_1,color_1,x_1,y_1,x_vel_1,y_vel_1,angle_1,id_2,type_2,color_2,x_2,y_2,x_vel_2,y_vel_2,angle_2,kind,id_1,type_1,color_1,x_1,y_1,x_vel_1,y_vel_1,angle_1,id_2,type_2,color_2,x_2,y_2,x_vel_2,y_vel_2,angle_2,kind,id_1,type_1,color_1,x_1,y_1,x_vel_1,y_vel_1,angle_1,id_2,type_2,color_2,x_2,y_2,x_vel_2,y_vel_2,angle_2,kind,id_1,type_1,color_1,x_1,y_1,x_vel_1,y_vel_1,angle_1,id_2,type_2,color_2,x_2,y_2,x_vel_2,y_vel_2,angle_2,kind,id_1,type_1,color_1,x_1,y_1,x_vel_1,y_vel_1,angle_1,id_2,type_2,color_2,x_2,y_2,x_vel_2,y_vel_2,angle_2,kind,id_1,type_1,color_1,x_1,y_1,x_vel_1,y_vel_1,angle_1,id_2,type_2,color_2,x_2,y_2,x_vel_2,y_vel_2,angle_2,kind,id_1,type_1,color_1,x_1,y_1,x_vel_1,y_vel_1,angle_1,id_2,type_2,color_2,x_2,y_2,x_vel_2,y_vel_2,angle_2,kind,id_1,type_1,color_1,x_1,y_1,x_vel_1,y_vel_1,angle_1,id_2,type_2,color_2,x_2,y_2,x_vel_2,y_vel_2,angle_2,kind,id_1,type_1,color_1,x_1,y_1,x_vel_1,y_vel_1,angle_1,id_2,type_2,color_2,x_2,y_2,x_vel_2,y_vel_2,angle_2,kind,id_1,type_1,color_1,x_1,y_1,x_vel_1,y_vel_1,angle_1,id_2,type_2,color_2,x_2,y_2,x_vel_2,y_vel_2,angle_2,kind,id_1,type_1,color_1,x_1,y_1,x_vel_1,y_vel_1,angle_1,id_2,type_2,color_2,x_2,y_2,x_vel_2,y_vel_2,angle_2,kind,id_1,type_1,color_1,x_1,y_1,x_vel_1,y_vel_1,angle_1,id_2,type_2,color_2,x_2,y_2,x_vel_2,y_vel_2,angle_2,kind,id_1,type_1,color_1,x_1,y_1,x_vel_1,y_vel_1,angle_1,id_2,type_2,color_2,x_2,y_2,x_vel_2,y_vel_2,angle_2,kind,id_1,type_1,color_1,x_1,y_1,x_vel_1,y_vel_1,angle_1,id_2,type_2,color_2,x_2,y_2,x_vel_2,y_vel_2,angle_2,kind,id_1,type_1,color_1,x_1,y_1,x_vel_1,y_vel_1,angle_1,id_2,type_2,color_2,x_2,y_2,x_vel_2,y_vel_2,angle_2,kind,id_1,type_1,color_1,x_1,y_1,x_vel_1,y_vel_1,angle_1,id_2,type_2,color_2,x_2,y_2,x_vel_2,y_vel_2,angle_2,kind,id_1,type_1,color_1,x_1,y_1,x_vel_1,y_vel_1,angle_1,id_2,type_2,color_2,x_2,y_2,x_vel_2,y_vel_2,angle_2,kind,id_1,type_1,color_1,x_1,y_1,x_vel_1,y_vel_1,angle_1,id_2,type_2,color_2,x_2,y_2,x_vel_2,y_vel_2,angle_2,kind,id_1,type_1,color_1,x_1,y_1,x_vel_1,y_vel_1,angle_1,id_2,type_2,color_2,x_2,y_2,x_vel_2,y_vel_2,angle_2,kind,id_1,type_1,color_1,x_1,y_1,x_vel_1,y_vel_1,angle_1,id_2,type_2,color_2,x_2,y_2,x_vel_2,y_vel_2,angle_2,kind,id_1,type_1,color_1,x_1,y_1,x_vel_1,y_vel_1,angle_1,id_2,type_2,color_2,x_2,y_2,x_vel_2,y_vel_2,angle_2,kind,id_1,type_1,color_1,x_1,y_1,x_vel_1,y_vel_1,angle_1,id_2,type_2,color_2,x_2,y_2,x_vel_2,y_vel_2,angle_2,kind,id_1,type_1,color_1,x_1,y_1,x_vel_1,y_vel_1,angle_1,id_2,type_2,color_2,x_2,y_2,x_vel_2,y_vel_2,angle_2,kind,id_1,type_1,color_1,x_1,y_1,x_vel_1,y_vel_1,angle_1,id_2,type_2,color_2,x_2,y_2,x_vel_2,y_vel_2,angle_2,kind,id_1,type_1,color_1,x_1,y_1,x_vel_1,y_vel_1,angle_1,id_2,type_2,color_2,x_2,y_2,x_vel_2,y_vel_2,angle_2,kind,id_1,type_1,color_1,x_1,y_1,x_vel_1,y_vel_1,angle_1,id_2,type_2,color_2,x_2,y_2,x_vel_2,y_vel_2,angle_2,kind,id_1,type_1,color_1,x_1,y_1,x_vel_1,y_vel_1,angle_1,id_2,type_2,color_2,x_2,y_2,x_vel_2,y_vel_2,angle_2,kind,id_1,type_1,color_1,x_1,y_1,x_vel_1,y_vel_1,angle_1,id_2,type_2,color_2,x_2,y_2,x_vel_2,y_vel_2,angle_2,kind,id_1,type_1,color_1,x_1,y_1,x_vel_1,y_vel_1,angle_1,id_2,type_2,color_2,x_2,y_2,x_vel_2,y_vel_2,angle_2,kind,id_1,type_1,color_1,x_1,y_1,x_vel_1,y_vel_1,angle_1,id_2,type_2,color_2,x_2,y_2,x_vel_2,y_vel_2,angle_2,kind,id_1,type_1,color_1,x_1,y_1,x_vel_1,y_vel_1,angle_1,id_2,type_2,color_2,x_2,y_2,x_vel_2,y_vel_2,angle_2,kind,id_1,type_1,color_1,x_1,y_1,x_vel_1,y_vel_1,angle_1,id_2,type_2,color_2,x_2,y_2,x_vel_2,y_vel_2,angle_2,kind,id_1,type_1,color_1,x_1,y_1,x_vel_1,y_vel_1,angle_1,id_2,type_2,color_2,x_2,y_2,x_vel_2,y_vel_2,angle_2,kind,id_1,type_1,color_1,x_1,y_1,x_vel_1,y_vel_1,angle_1,id_2,type_2,color_2,x_2,y_2,x_vel_2,y_vel_2,angle_2,kind,id_1,type_1,color_1,x_1,y_1,x_vel_1,y_vel_1,angle_1,id_2,type_2,color_2,x_2,y_2,x_vel_2,y_vel_2,angle_2,kind,id_1,type_1,color_1,x_1,y_1,x_vel_1,y_vel_1,angle_1,id_2,type_2,color_2,x_2,y_2,x_vel_2,y_vel_2,angle_2,kind,id_1,type_1,color_1,x_1,y_1,x_vel_1,y_vel_1,angle_1,id_2,type_2,color_2,x_2,y_2,x_vel_2,y_vel_2,angle_2,kind,id_1,type_1,color_1,x_1,y_1,x_vel_1,y_vel_1,angle_1,id_2,type_2,color_2,x_2,y_2,x_vel_2,y_vel_2,angle_2,kind,id_1,type_1,color_1,x_1,y_1,x_vel_1,y_vel_1,angle_1,id_2,type_2,color_2,x_2,y_2,x_vel_2,y_vel_2,angle_2,kind,id_1,type_1,color_1,x_1,y_1,x_vel_1,y_vel_1,angle_1,id_2,type_2,color_2,x_2,y_2,x_vel_2,y_vel_2,angle_2,kind,id_1,type_1,color_1,x_1,y_1,x_vel_1,y_vel_1,angle_1,id_2,type_2,color_2,x_2,y_2,x_vel_2,y_vel_2,angle_2,kind,id_1,type_1,color_1,x_1,y_1,x_vel_1,y_vel_1,angle_1,id_2,type_2,color_2,x_2,y_2,x_vel_2,y_vel_2,angle_2,kind,id_1,type_1,color_1,x_1,y_1,x_vel_1,y_vel_1,angle_1,id_2,type_2,color_2,x_2,y_2,x_vel_2,y_vel_2,angle_2,kind,id_1,type_1,color_1,x_1,y_1,x_vel_1,y_vel_1,angle_1,id_2,type_2,color_2,x_2,y_2,x_vel_2,y_vel_2,angle_2,kind,id_1,type_1,color_1,x_1,y_1,x_vel_1,y_vel_1,angle_1,id_2,type_2,color_2,x_2,y_2,x_vel_2,y_vel_2,angle_2,kind,id_1,type_1,color_1,x_1,y_1,x_vel_1,y_vel_1,angle_1,id_2,type_2,color_2,x_2,y_2,x_vel_2,y_vel_2,angle_2,kind,id_1,type_1,color_1,x_1,y_1,x_vel_1,y_vel_1,angle_1,id_2,type_2,color_2,x_2,y_2,x_vel_2,y_vel_2,angle_2,kind,id_1,type_1,color_1,x_1,y_1,x_vel_1,y_vel_1,angle_1,id_2,type_2,color_2,x_2,y_2,x_vel_2,y_vel_2,angle_2,kind,id_1,type_1,color_1,x_1,y_1,x_vel_1,y_vel_1,angle_1,id_2,type_2,color_2,x_2,y_2,x_vel_2,y_vel_2,angle_2,kind,id_1,type_1,color_1,x_1,y_1,x_vel_1,y_vel_1,angle_1,id_2,type_2,color_2,x_2,y_2,x_vel_2,y_vel_2,angle_2,kind,id_1,type_1,color_1,x_1,y_1,x_vel_1,y_vel_1,angle_1,id_2,type_2,color_2,x_2,y_2,x_vel_2,y_vel_2,angle_2,kind,id_1,type_1,color_1,x_1,y_1,x_vel_1,y_vel_1,angle_1,id_2,type_2,color_2,x_2,y_2,x_vel_2,y_vel_2,angle_2,kind,id_1,type_1,color_1,x_1,y_1,x_vel_1,y_vel_1,angle_1,id_2,type_2,color_2,x_2,y_2,x_vel_2,y_vel_2,angle_2,kind,id_1,type_1,color_1,x_1,y_1,x_vel_1,y_vel_1,angle_1,id_2,type_2,color_2,x_2,y_2,x_vel_2,y_vel_2,angle_2,kind,id_1,type_1,color_1,x_1,y_1,x_vel_1,y_vel_1,angle_1,id_2,type_2,color_2,x_2,y_2,x_vel_2,y_vel_2,angle_2,kind,id_1,type_1,color_1,x_1,y_1,x_vel_1,y_vel_1,angle_1,id_2,type_2,color_2,x_2,y_2,x_vel_2,y_vel_2,angle_2,kind,id_1,type_1,color_1,x_1,y_1,x_vel_1,y_vel_1,angle_1,id_2,type_2,color_2,x_2,y_2,x_vel_2,y_vel_2,angle_2,kind,id_1,type_1,color_1,x_1,y_1,x_vel_1,y_vel_1,angle_1,id_2,type_2,color_2,x_2,y_2,x_vel_2,y_vel_2,angle_2,kind,id_1,type_1,color_1,x_1,y_1,x_vel_1,y_vel_1,angle_1,id_2,type_2,color_2,x_2,y_2,x_vel_2,y_vel_2,angle_2,kind,id_1,type_1,color_1,x_1,y_1,x_vel_1,y_vel_1,angle_1,id_2,type_2,color_2,x_2,y_2,x_vel_2,y_vel_2,angle_2,kind,id_1,type_1,color_1,x_1,y_1,x_vel_1,y_vel_1,angle_1,id_2,type_2,color_2,x_2,y_2,x_vel_2,y_vel_2,angle_2,kind,id_1,type_1,color_1,x_1,y_1,x_vel_1,y_vel_1,angle_1,id_2,type_2,color_2,x_2,y_2,x_vel_2,y_vel_2,angle_2,kind,id_1,type_1,color_1,x_1,y_1,x_vel_1,y_vel_1,angle_1,id_2,type_2,color_2,x_2,y_2,x_vel_2,y_vel_2,angle_2,kind,id_1,type_1,color_1,x_1,y_1,x_vel_1,y_vel_1,angle_1,id_2,type_2,color_2,x_2,y_2,x_vel_2,y_vel_2,angle_2,kind,id_1,type_1,color_1,x_1,y_1,x_vel_1,y_vel_1,angle_1,id_2,type_2,color_2,x_2,y_2,x_vel_2,y_vel_2,angle_2,kind,id_1,type_1,color_1,x_1,y_1,x_vel_1,y_vel_1,angle_1,id_2,type_2,color_2,x_2,y_2,x_vel_2,y_vel_2,angle_2,kind,id_1,type_1,color_1,x_1,y_1,x_vel_1,y_vel_1,angle_1,id_2,type_2,color_2,x_2,y_2,x_vel_2,y_vel_2,angle_2,kind,id_1,type_1,color_1,x_1,y_1,x_vel_1,y_vel_1,angle_1,id_2,type_2,color_2,x_2,y_2,x_vel_2,y_vel_2,angle_2,kind,id_1,type_1,color_1,x_1,y_1,x_vel_1,y_vel_1,angle_1,id_2,type_2,color_2,x_2,y_2,x_vel_2,y_vel_2,angle_2,kind,id_1,type_1,color_1,x_1,y_1,x_vel_1,y_vel_1,angle_1,id_2,type_2,color_2,x_2,y_2,x_vel_2,y_vel_2,angle_2,kind,id_1,type_1,color_1,x_1,y_1,x_vel_1,y_vel_1,angle_1,id_2,type_2,color_2,x_2,y_2,x_vel_2,y_vel_2,angle_2,kind,id_1,type_1,color_1,x_1,y_1,x_vel_1,y_vel_1,angle_1,id_2,type_2,color_2,x_2,y_2,x_vel_2,y_vel_2,angle_2,kind,id_1,type_1,color_1,x_1,y_1,x_vel_1,y_vel_1,angle_1,id_2,type_2,color_2,x_2,y_2,x_vel_2,y_vel_2,angle_2,kind,id_1,type_1,color_1,x_1,y_1,x_vel_1,y_vel_1,angle_1,id_2,type_2,color_2,x_2,y_2,x_vel_2,y_vel_2,angle_2,kind,id_1,type_1,color_1,x_1,y_1,x_vel_1,y_vel_1,angle_1,id_2,type_2,color_2,x_2,y_2,x_vel_2,y_vel_2,angle_2,kind,id_1,type_1,color_1,x_1,y_1,x_vel_1,y_vel_1,angle_1,id_2,type_2,color_2,x_2,y_2,x_vel_2,y_vel_2,angle_2,kind,id_1,type_1,color_1,x_1,y_1,x_vel_1,y_vel_1,angle_1,id_2,type_2,color_2,x_2,y_2,x_vel_2,y_vel_2,angle_2,kind,id_1,type_1,color_1,x_1,y_1,x_vel_1,y_vel_1,angle_1,id_2,type_2,color_2,x_2,y_2,x_vel_2,y_vel_2,angle_2,kind,id_1,type_1,color_1,x_1,y_1,x_vel_1,y_vel_1,angle_1,id_2,type_2,color_2,x_2,y_2,x_vel_2,y_vel_2,angle_2,kind,id_1,type_1,color_1,x_1,y_1,x_vel_1,y_vel_1,angle_1,id_2,type_2,color_2,x_2,y_2,x_vel_2,y_vel_2,angle_2,kind,id_1,type_1,color_1,x_1,y_1,x_vel_1,y_vel_1,angle_1,id_2,type_2,color_2,x_2,y_2,x_vel_2,y_vel_2,angle_2,kind,id_1,type_1,color_1,x_1,y_1,x_vel_1,y_vel_1,angle_1,id_2,type_2,color_2,x_2,y_2,x_vel_2,y_vel_2,angle_2,kind,id_1,type_1,color_1,x_1,y_1,x_vel_1,y_vel_1,angle_1,id_2,type_2,color_2,x_2,y_2,x_vel_2,y_vel_2,angle_2,kind,id_1,type_1,color_1,x_1,y_1,x_vel_1,y_vel_1,angle_1,id_2,type_2,color_2,x_2,y_2,x_vel_2,y_vel_2,angle_2,kind,id_1,type_1,color_1,x_1,y_1,x_vel_1,y_vel_1,angle_1,id_2,type_2,color_2,x_2,y_2,x_vel_2,y_vel_2,angle_2,kind,id_1,type_1,color_1,x_1,y_1,x_vel_1,y_vel_1,angle_1,id_2,type_2,color_2,x_2,y_2,x_vel_2,y_vel_2,angle_2,kind,id_1,type_1,color_1,x_1,y_1,x_vel_1,y_vel_1,angle_1,id_2,type_2,color_2,x_2,y_2,x_vel_2,y_vel_2,angle_2,kind,id_1,type_1,color_1,x_1,y_1,x_vel_1,y_vel_1,angle_1,id_2,type_2,color_2,x_2,y_2,x_vel_2,y_vel_2,angle_2,kind,id_1,type_1,color_1,x_1,y_1,x_vel_1,y_vel_1,angle_1,id_2,type_2,color_2,x_2,y_2,x_vel_2,y_vel_2,angle_2,kind,id_1,type_1,color_1,x_1,y_1,x_vel_1,y_vel_1,angle_1,id_2,type_2,color_2,x_2,y_2,x_vel_2,y_vel_2,angle_2,kind,id_1,type_1,color_1,x_1,y_1,x_vel_1,y_vel_1,angle_1,id_2,type_2,color_2,x_2,y_2,x_vel_2,y_vel_2,angle_2,kind,id_1,type_1,color_1,x_1,y_1,x_vel_1,y_vel_1,angle_1,id_2,type_2,color_2,x_2,y_2,x_vel_2,y_vel_2,angle_2,kind,id_1,type_1,color_1,x_1,y_1,x_vel_1,y_vel_1,angle_1,id_2,type_2,color_2,x_2,y_2,x_vel_2,y_vel_2,angle_2,kind,id_1,type_1,color_1,x_1,y_1,x_vel_1,y_vel_1,angle_1,id_2,type_2,color_2,x_2,y_2,x_vel_2,y_vel_2,angle_2,kind,id_1,type_1,color_1,x_1,y_1,x_vel_1,y_vel_1,angle_1,id_2,type_2,color_2,x_2,y_2,x_vel_2,y_vel_2,angle_2,kind,id_1,type_1,color_1,x_1,y_1,x_vel_1,y_vel_1,angle_1,id_2,type_2,color_2,x_2,y_2,x_vel_2,y_vel_2,angle_2,kind,id_1,type_1,color_1,x_1,y_1,x_vel_1,y_vel_1,angle_1,id_2,type_2,color_2,x_2,y_2,x_vel_2,y_vel_2,angle_2,kind,id_1,type_1,color_1,x_1,y_1,x_vel_1,y_vel_1,angle_1,id_2,type_2,color_2,x_2,y_2,x_vel_2,y_vel_2,angle_2,kind,id_1,type_1,color_1,x_1,y_1,x_vel_1,y_vel_1,angle_1,id_2,type_2,color_2,x_2,y_2,x_vel_2,y_vel_2,angle_2,kind,id_1,type_1,color_1,x_1,y_1,x_vel_1,y_vel_1,angle_1,id_2,type_2,color_2,x_2,y_2,x_vel_2,y_vel_2,angle_2,kind,id_1,type_1,color_1,x_1,y_1,x_vel_1,y_vel_1,angle_1,id_2,type_2,color_2,x_2,y_2,x_vel_2,y_vel_2,angle_2,kind,id_1,type_1,color_1,x_1,y_1,x_vel_1,y_vel_1,angle_1,id_2,type_2,color_2,x_2,y_2,x_vel_2,y_vel_2,angle_2,kind,id_1,type_1,color_1,x_1,y_1,x_vel_1,y_vel_1,angle_1,id_2,type_2,color_2,x_2,y_2,x_vel_2,y_vel_2,angle_2,kind,id_1,type_1,color_1,x_1,y_1,x_vel_1,y_vel_1,angle_1,id_2,type_2,color_2,x_2,y_2,x_vel_2,y_vel_2,angle_2,kind,id_1,type_1,color_1,x_1,y_1,x_vel_1,y_vel_1,angle_1,id_2,type_2,color_2,x_2,y_2,x_vel_2,y_vel_2,angle_2,kind,id_1,type_1,color_1,x_1,y_1,x_vel_1,y_vel_1,angle_1,id_2,type_2,color_2,x_2,y_2,x_vel_2,y_vel_2,angle_2,kind,id_1,type_1,color_1,x_1,y_1,x_vel_1,y_vel_1,angle_1,id_2,type_2,color_2,x_2,y_2,x_vel_2,y_vel_2,angle_2,kind,id_1,type_1,color_1,x_1,y_1,x_vel_1,y_vel_1,angle_1,id_2,type_2,color_2,x_2,y_2,x_vel_2,y_vel_2,angle_2,kind,id_1,type_1,color_1,x_1,y_1,x_vel_1,y_vel_1,angle_1,id_2,type_2,color_2,x_2,y_2,x_vel_2,y_vel_2,angle_2,kind,id_1,type_1,color_1,x_1,y_1,x_vel_1,y_vel_1,angle_1,id_2,type_2,color_2,x_2,y_2,x_vel_2,y_vel_2,angle_2,kind,id_1,type_1,color_1,x_1,y_1,x_vel_1,y_vel_1,angle_1,id_2,type_2,color_2,x_2,y_2,x_vel_2,y_vel_2,angle_2,kind,id_1,type_1,color_1,x_1,y_1,x_vel_1,y_vel_1,angle_1,id_2,type_2,color_2,x_2,y_2,x_vel_2,y_vel_2,angle_2,kind,id_1,type_1,color_1,x_1,y_1,x_vel_1,y_vel_1,angle_1,id_2,type_2,color_2,x_2,y_2,x_vel_2,y_vel_2,angle_2,kind,id_1,type_1,color_1,x_1,y_1,x_vel_1,y_vel_1,angle_1,id_2,type_2,color_2,x_2,y_2,x_vel_2,y_vel_2,angle_2,kind,id_1,type_1,color_1,x_1,y_1,x_vel_1,y_vel_1,angle_1,id_2,type_2,color_2,x_2,y_2,x_vel_2,y_vel_2,angle_2,kind,id_1,type_1,color_1,x_1,y_1,x_vel_1,y_vel_1,angle_1,id_2,type_2,color_2,x_2,y_2,x_vel_2,y_vel_2,angle_2,kind,id_1,type_1,color_1,x_1,y_1,x_vel_1,y_vel_1,angle_1,id_2,type_2,color_2,x_2,y_2,x_vel_2,y_vel_2,angle_2,kind,id_1,type_1,color_1,x_1,y_1,x_vel_1,y_vel_1,angle_1,id_2,type_2,color_2,x_2,y_2,x_vel_2,y_vel_2,angle_2,kind,id_1,type_1,color_1,x_1,y_1,x_vel_1,y_vel_1,angle_1,id_2,type_2,color_2,x_2,y_2,x_vel_2,y_vel_2,angle_2,kind,id_1,type_1,color_1,x_1,y_1,x_vel_1,y_vel_1,angle_1,id_2,type_2,color_2,x_2,y_2,x_vel_2,y_vel_2,angle_2,kind,id_1,type_1,color_1,x_1,y_1,x_vel_1,y_vel_1,angle_1,id_2,type_2,color_2,x_2,y_2,x_vel_2,y_vel_2,angle_2,kind,id_1,type_1,color_1,x_1,y_1,x_vel_1,y_vel_1,angle_1,id_2,type_2,color_2,x_2,y_2,x_vel_2,y_vel_2,angle_2,kind,id_1,type_1,color_1,x_1,y_1,x_vel_1,y_vel_1,angle_1,id_2,type_2,color_2,x_2,y_2,x_vel_2,y_vel_2,angle_2,kind,id_1,type_1,color_1,x_1,y_1,x_vel_1,y_vel_1,angle_1,id_2,type_2,color_2,x_2,y_2,x_vel_2,y_vel_2,angle_2,kind,id_1,type_1,color_1,x_1,y_1,x_vel_1,y_vel_1,angle_1,id_2,type_2,color_2,x_2,y_2,x_vel_2,y_vel_2,angle_2,kind,id_1,type_1,color_1,x_1,y_1,x_vel_1,y_vel_1,angle_1,id_2,type_2,color_2,x_2,y_2,x_vel_2,y_vel_2,angle_2,kind,id_1,type_1,color_1,x_1,y_1,x_vel_1,y_vel_1,angle_1,id_2,type_2,color_2,x_2,y_2,x_vel_2,y_vel_2,angle_2,kind,id_1,type_1,color_1,x_1,y_1,x_vel_1,y_vel_1,angle_1,id_2,type_2,color_2,x_2,y_2,x_vel_2,y_vel_2,angle_2,kind,id_1,type_1,color_1,x_1,y_1,x_vel_1,y_vel_1,angle_1,id_2,type_2,color_2,x_2,y_2,x_vel_2,y_vel_2,angle_2,kind,id_1,type_1,color_1,x_1,y_1,x_vel_1,y_vel_1,angle_1,id_2,type_2,color_2,x_2,y_2,x_vel_2,y_vel_2,angle_2,kind,id_1,type_1,color_1,x_1,y_1,x_vel_1,y_vel_1,angle_1,id_2,type_2,color_2,x_2,y_2,x_vel_2,y_vel_2,angle_2,kind,id_1,type_1,color_1,x_1,y_1,x_vel_1,y_vel_1,angle_1,id_2,type_2,color_2,x_2,y_2,x_vel_2,y_vel_2,angle_2,kind,id_1,type_1,color_1,x_1,y_1,x_vel_1,y_vel_1,angle_1,id_2,type_2,color_2,x_2,y_2,x_vel_2,y_vel_2,angle_2,kind,id_1,type_1,color_1,x_1,y_1,x_vel_1,y_vel_1,angle_1,id_2,type_2,color_2,x_2,y_2,x_vel_2,y_vel_2,angle_2,kind,id_1,type_1,color_1,x_1,y_1,x_vel_1,y_vel_1,angle_1,id_2,type_2,color_2,x_2,y_2,x_vel_2,y_vel_2,angle_2,kind,id_1,type_1,color_1,x_1,y_1,x_vel_1,y_vel_1,angle_1,id_2,type_2,color_2,x_2,y_2,x_vel_2,y_vel_2,angle_2,kind,id_1,type_1,color_1,x_1,y_1,x_vel_1,y_vel_1,angle_1,id_2,type_2,color_2,x_2,y_2,x_vel_2,y_vel_2,angle_2,kind,id_1,type_1,color_1,x_1,y_1,x_vel_1,y_vel_1,angle_1,id_2,type_2,color_2,x_2,y_2,x_vel_2,y_vel_2,angle_2,kind,id_1,type_1,color_1,x_1,y_1,x_vel_1,y_vel_1,angle_1,id_2,type_2,color_2,x_2,y_2,x_vel_2,y_vel_2,angle_2,kind,id_1,type_1,color_1,x_1,y_1,x_vel_1,y_vel_1,angle_1,id_2,type_2,color_2,x_2,y_2,x_vel_2,y_vel_2,angle_2,kind,id_1,type_1,color_1,x_1,y_1,x_vel_1,y_vel_1,angle_1,id_2,type_2,color_2,x_2,y_2,x_vel_2,y_vel_2,angle_2,kind,id_1,type_1,color_1,x_1,y_1,x_vel_1,y_vel_1,angle_1,id_2,type_2,color_2,x_2,y_2,x_vel_2,y_vel_2,angle_2,kind,id_1,type_1,color_1,x_1,y_1,x_vel_1,y_vel_1,angle_1,id_2,type_2,color_2,x_2,y_2,x_vel_2,y_vel_2,angle_2,kind,id_1,type_1,color_1,x_1,y_1,x_vel_1,y_vel_1,angle_1,id_2,type_2,color_2,x_2,y_2,x_vel_2,y_vel_2,angle_2,kind,id_1,type_1,color_1,x_1,y_1,x_vel_1,y_vel_1,angle_1,id_2,type_2,color_2,x_2,y_2,x_vel_2,y_vel_2,angle_2,kind,id_1,type_1,color_1,x_1,y_1,x_vel_1,y_vel_1,angle_1,id_2,type_2,color_2,x_2,y_2,x_vel_2,y_vel_2,angle_2,kind,id_1,type_1,color_1,x_1,y_1,x_vel_1,y_vel_1,angle_1,id_2,type_2,color_2,x_2,y_2,x_vel_2,y_vel_2,angle_2,kind,id_1,type_1,color_1,x_1,y_1,x_vel_1,y_vel_1,angle_1,id_2,type_2,color_2,x_2,y_2,x_vel_2,y_vel_2,angle_2,kind,id_1,type_1,color_1,x_1,y_1,x_vel_1,y_vel_1,angle_1,id_2,type_2,color_2,x_2,y_2,x_vel_2,y_vel_2,angle_2,kind,id_1,type_1,color_1,x_1,y_1,x_vel_1,y_vel_1,angle_1,id_2,type_2,color_2,x_2,y_2,x_vel_2,y_vel_2,angle_2,kind,id_1,type_1,color_1,x_1,y_1,x_vel_1,y_vel_1,angle_1,id_2,type_2,color_2,x_2,y_2,x_vel_2,y_vel_2,angle_2,kind,id_1,type_1,color_1,x_1,y_1,x_vel_1,y_vel_1,angle_1,id_2,type_2,color_2,x_2,y_2,x_vel_2,y_vel_2,angle_2,kind,id_1,type_1,color_1,x_1,y_1,x_vel_1,y_vel_1,angle_1,id_2,type_2,color_2,x_2,y_2,x_vel_2,y_vel_2,angle_2,kind,id_1,type_1,color_1,x_1,y_1,x_vel_1,y_vel_1,angle_1,id_2,type_2,color_2,x_2,y_2,x_vel_2,y_vel_2,angle_2,kind,id_1,type_1,color_1,x_1,y_1,x_vel_1,y_vel_1,angle_1,id_2,type_2,color_2,x_2,y_2,x_vel_2,y_vel_2,angle_2,kind,id_1,type_1,color_1,x_1,y_1,x_vel_1,y_vel_1,angle_1,id_2,type_2,color_2,x_2,y_2,x_vel_2,y_vel_2,angle_2,kind,id_1,type_1,color_1,x_1,y_1,x_vel_1,y_vel_1,angle_1,id_2,type_2,color_2,x_2,y_2,x_vel_2,y_vel_2,angle_2,kind,id_1,type_1,color_1,x_1,y_1,x_vel_1,y_vel_1,angle_1,id_2,type_2,color_2,x_2,y_2,x_vel_2,y_vel_2,angle_2,kind,id_1,type_1,color_1,x_1,y_1,x_vel_1,y_vel_1,angle_1,id_2,type_2,color_2,x_2,y_2,x_vel_2,y_vel_2,angle_2,kind,id_1,type_1,color_1,x_1,y_1,x_vel_1,y_vel_1,angle_1,id_2,type_2,color_2,x_2,y_2,x_vel_2,y_vel_2,angle_2,kind,id_1,type_1,color_1,x_1,y_1,x_vel_1,y_vel_1,angle_1,id_2,type_2,color_2,x_2,y_2,x_vel_2,y_vel_2,angle_2,kind,id_1,type_1,color_1,x_1,y_1,x_vel_1,y_vel_1,angle_1,id_2,type_2,color_2,x_2,y_2,x_vel_2,y_vel_2,angle_2,kind,id_1,type_1,color_1,x_1,y_1,x_vel_1,y_vel_1,angle_1,id_2,type_2,color_2,x_2,y_2,x_vel_2,y_vel_2,angle_2,kind,id_1,type_1,color_1,x_1,y_1,x_vel_1,y_vel_1,angle_1,id_2,type_2,color_2,x_2,y_2,x_vel_2,y_vel_2,angle_2,kind,id_1,type_1,color_1,x_1,y_1,x_vel_1,y_vel_1,angle_1,id_2,type_2,color_2,x_2,y_2,x_vel_2,y_vel_2,angle_2,kind,id_1,type_1,color_1,x_1,y_1,x_vel_1,y_vel_1,angle_1,id_2,type_2,color_2,x_2,y_2,x_vel_2,y_vel_2,angle_2,kind,id_1,type_1,color_1,x_1,y_1,x_vel_1,y_vel_1,angle_1,id_2,type_2,color_2,x_2,y_2,x_vel_2,y_vel_2,angle_2,kind,id_1,type_1,color_1,x_1,y_1,x_vel_1,y_vel_1,angle_1,id_2,type_2,color_2,x_2,y_2,x_vel_2,y_vel_2,angle_2,kind,id_1,type_1,color_1,x_1,y_1,x_vel_1,y_vel_1,angle_1,id_2,type_2,color_2,x_2,y_2,x_vel_2,y_vel_2,angle_2,kind,id_1,type_1,color_1,x_1,y_1,x_vel_1,y_vel_1,angle_1,id_2,type_2,color_2,x_2,y_2,x_vel_2,y_vel_2,angle_2,kind,id_1,type_1,color_1,x_1,y_1,x_vel_1,y_vel_1,angle_1,id_2,type_2,color_2,x_2,y_2,x_vel_2,y_vel_2,angle_2,kind,id_1,type_1,color_1,x_1,y_1,x_vel_1,y_vel_1,angle_1,id_2,type_2,color_2,x_2,y_2,x_vel_2,y_vel_2,angle_2,kind,id_1,type_1,color_1,x_1,y_1,x_vel_1,y_vel_1,angle_1,id_2,type_2,color_2,x_2,y_2,x_vel_2,y_vel_2,angle_2,kind,id_1,type_1,color_1,x_1,y_1,x_vel_1,y_vel_1,angle_1,id_2,type_2,color_2,x_2,y_2,x_vel_2,y_vel_2,angle_2,kind,id_1,type_1,color_1,x_1,y_1,x_vel_1,y_vel_1,angle_1,id_2,type_2,color_2,x_2,y_2,x_vel_2,y_vel_2,angle_2,kind,id_1,type_1,color_1,x_1,y_1,x_vel_1,y_vel_1,angle_1,id_2,type_2,color_2,x_2,y_2,x_vel_2,y_vel_2,angle_2,kind,id_1,type_1,color_1,x_1,y_1,x_vel_1,y_vel_1,angle_1,id_2,type_2,color_2,x_2,y_2,x_vel_2,y_vel_2,angle_2,kind,id_1,type_1,color_1,x_1,y_1,x_vel_1,y_vel_1,angle_1,id_2,type_2,color_2,x_2,y_2,x_vel_2,y_vel_2,angle_2,kind,id_1,type_1,color_1,x_1,y_1,x_vel_1,y_vel_1,angle_1,id_2,type_2,color_2,x_2,y_2,x_vel_2,y_vel_2,angle_2,kind,id_1,type_1,color_1,x_1,y_1,x_vel_1,y_vel_1,angle_1,id_2,type_2,color_2,x_2,y_2,x_vel_2,y_vel_2,angle_2,kind,id_1,type_1,color_1,x_1,y_1,x_vel_1,y_vel_1,angle_1,id_2,type_2,color_2,x_2,y_2,x_vel_2,y_vel_2,angle_2,kind,id_1,type_1,color_1,x_1,y_1,x_vel_1,y_vel_1,angle_1,id_2,type_2,color_2,x_2,y_2,x_vel_2,y_vel_2,angle_2,kind,id_1,type_1,color_1,x_1,y_1,x_vel_1,y_vel_1,angle_1,id_2,type_2,color_2,x_2,y_2,x_vel_2,y_vel_2,angle_2,kind,id_1,type_1,color_1,x_1,y_1,x_vel_1,y_vel_1,angle_1,id_2,type_2,color_2,x_2,y_2,x_vel_2,y_vel_2,angle_2,kind,id_1,type_1,color_1,x_1,y_1,x_vel_1,y_vel_1,angle_1,id_2,type_2,color_2,x_2,y_2,x_vel_2,y_vel_2,angle_2,kind,id_1,type_1,color_1,x_1,y_1,x_vel_1,y_vel_1,angle_1,id_2,type_2,color_2,x_2,y_2,x_vel_2,y_vel_2,angle_2,kind,id_1,type_1,color_1,x_1,y_1,x_vel_1,y_vel_1,angle_1,id_2,type_2,color_2,x_2,y_2,x_vel_2,y_vel_2,angle_2,kind,id_1,type_1,color_1,x_1,y_1,x_vel_1,y_vel_1,angle_1,id_2,type_2,color_2,x_2,y_2,x_vel_2,y_vel_2,angle_2,kind,id_1,type_1,color_1,x_1,y_1,x_vel_1,y_vel_1,angle_1,id_2,type_2,color_2,x_2,y_2,x_vel_2,y_vel_2,angle_2,kind,id_1,type_1,color_1,x_1,y_1,x_vel_1,y_vel_1,angle_1,id_2,type_2,color_2,x_2,y_2,x_vel_2,y_vel_2,angle_2,kind,id_1,type_1,color_1,x_1,y_1,x_vel_1,y_vel_1,angle_1,id_2,type_2,color_2,x_2,y_2,x_vel_2,y_vel_2,angle_2,kind,id_1,type_1,color_1,x_1,y_1,x_vel_1,y_vel_1,angle_1,id_2,type_2,color_2,x_2,y_2,x_vel_2,y_vel_2,angle_2,kind,id_1,type_1,color_1,x_1,y_1,x_vel_1,y_vel_1,angle_1,id_2,type_2,color_2,x_2,y_2,x_vel_2,y_vel_2,angle_2,kind,id_1,type_1,color_1,x_1,y_1,x_vel_1,y_vel_1,angle_1,id_2,type_2,color_2,x_2,y_2,x_vel_2,y_vel_2,angle_2,kind,id_1,type_1,color_1,x_1,y_1,x_vel_1,y_vel_1,angle_1,id_2,type_2,color_2,x_2,y_2,x_vel_2,y_vel_2,angle_2,kind,id_1,type_1,color_1,x_1,y_1,x_vel_1,y_vel_1,angle_1,id_2,type_2,color_2,x_2,y_2,x_vel_2,y_vel_2,angle_2,kind,id_1,type_1,color_1,x_1,y_1,x_vel_1,y_vel_1,angle_1,id_2,type_2,color_2,x_2,y_2,x_vel_2,y_vel_2,angle_2,kind,id_1,type_1,color_1,x_1,y_1,x_vel_1,y_vel_1,angle_1,id_2,type_2,color_2,x_2,y_2,x_vel_2,y_vel_2,angle_2,kind,id_1,type_1,color_1,x_1,y_1,x_vel_1,y_vel_1,angle_1,id_2,type_2,color_2,x_2,y_2,x_vel_2,y_vel_2,angle_2,kind,id_1,type_1,color_1,x_1,y_1,x_vel_1,y_vel_1,angle_1,id_2,type_2,color_2,x_2,y_2,x_vel_2,y_vel_2,angle_2,kind,id_1,type_1,color_1,x_1,y_1,x_vel_1,y_vel_1,angle_1,id_2,type_2,color_2,x_2,y_2,x_vel_2,y_vel_2,angle_2,kind,id_1,type_1,color_1,x_1,y_1,x_vel_1,y_vel_1,angle_1,id_2,type_2,color_2,x_2,y_2,x_vel_2,y_vel_2,angle_2,kind,id_1,type_1,color_1,x_1,y_1,x_vel_1,y_vel_1,angle_1,id_2,type_2,color_2,x_2,y_2,x_vel_2,y_vel_2,angle_2,kind,id_1,type_1,color_1,x_1,y_1,x_vel_1,y_vel_1,angle_1,id_2,type_2,color_2,x_2,y_2,x_vel_2,y_vel_2,angle_2,kind,id_1,type_1,color_1,x_1,y_1,x_vel_1,y_vel_1,angle_1,id_2,type_2,color_2,x_2,y_2,x_vel_2,y_vel_2,angle_2,kind,id_1,type_1,color_1,x_1,y_1,x_vel_1,y_vel_1,angle_1,id_2,type_2,color_2,x_2,y_2,x_vel_2,y_vel_2,angle_2,kind,id_1,type_1,color_1,x_1,y_1,x_vel_1,y_vel_1,angle_1,id_2,type_2,color_2,x_2,y_2,x_vel_2,y_vel_2,angle_2,kind,id_1,type_1,color_1,x_1,y_1,x_vel_1,y_vel_1,angle_1,id_2,type_2,color_2,x_2,y_2,x_vel_2,y_vel_2,angle_2,kind,id_1,type_1,color_1,x_1,y_1,x_vel_1,y_vel_1,angle_1,id_2,type_2,color_2,x_2,y_2,x_vel_2,y_vel_2,angle_2,kind,id_1,type_1,color_1,x_1,y_1,x_vel_1,y_vel_1,angle_1,id_2,type_2,color_2,x_2,y_2,x_vel_2,y_vel_2,angle_2,kind,id_1,type_1,color_1,x_1,y_1,x_vel_1,y_vel_1,angle_1,id_2,type_2,color_2,x_2,y_2,x_vel_2,y_vel_2,angle_2,kind,id_1,type_1,color_1,x_1,y_1,x_vel_1,y_vel_1,angle_1,id_2,type_2,color_2,x_2,y_2,x_vel_2,y_vel_2,angle_2,kind,id_1,type_1,color_1,x_1,y_1,x_vel_1,y_vel_1,angle_1,id_2,type_2,color_2,x_2,y_2,x_vel_2,y_vel_2,angle_2,kind,id_1,type_1,color_1,x_1,y_1,x_vel_1,y_vel_1,angle_1,id_2,type_2,color_2,x_2,y_2,x_vel_2,y_vel_2,angle_2,kind,id_1,type_1,color_1,x_1,y_1,x_vel_1,y_vel_1,angle_1,id_2,type_2,color_2,x_2,y_2,x_vel_2,y_vel_2,angle_2,kind,id_1,type_1,color_1,x_1,y_1,x_vel_1,y_vel_1,angle_1,id_2,type_2,color_2,x_2,y_2,x_vel_2,y_vel_2,angle_2,kind,id_1,type_1,color_1,x_1,y_1,x_vel_1,y_vel_1,angle_1,id_2,type_2,color_2,x_2,y_2,x_vel_2,y_vel_2,angle_2,kind,id_1,type_1,color_1,x_1,y_1,x_vel_1,y_vel_1,angle_1,id_2,type_2,color_2,x_2,y_2,x_vel_2,y_vel_2,angle_2,kind,id_1,type_1,color_1,x_1,y_1,x_vel_1,y_vel_1,angle_1,id_2,type_2,color_2,x_2,y_2,x_vel_2,y_vel_2,angle_2,kind,id_1,type_1,color_1,x_1,y_1,x_vel_1,y_vel_1,angle_1,id_2,type_2,color_2,x_2,y_2,x_vel_2,y_vel_2,angle_2,kind,id_1,type_1,color_1,x_1,y_1,x_vel_1,y_vel_1,angle_1,id_2,type_2,color_2,x_2,y_2,x_vel_2,y_vel_2,angle_2,kind,id_1,type_1,color_1,x_1,y_1,x_vel_1,y_vel_1,angle_1,id_2,type_2,color_2,x_2,y_2,x_vel_2,y_vel_2,angle_2,kind,id_1,type_1,color_1,x_1,y_1,x_vel_1,y_vel_1,angle_1,id_2,type_2,color_2,x_2,y_2,x_vel_2,y_vel_2,angle_2,kind,id_1,type_1,color_1,x_1,y_1,x_vel_1,y_vel_1,angle_1,id_2,type_2,color_2,x_2,y_2,x_vel_2,y_vel_2,angle_2,kind,id_1,type_1,color_1,x_1,y_1,x_vel_1,y_vel_1,angle_1,id_2,type_2,color_2,x_2,y_2,x_vel_2,y_vel_2,angle_2,kind,id_1,type_1,color_1,x_1,y_1,x_vel_1,y_vel_1,angle_1,id_2,type_2,color_2,x_2,y_2,x_vel_2,y_vel_2,angle_2,kind,id_1,type_1,color_1,x_1,y_1,x_vel_1,y_vel_1,angle_1,id_2,type_2,color_2,x_2,y_2,x_vel_2,y_vel_2,angle_2,kind,id_1,type_1,color_1,x_1,y_1,x_vel_1,y_vel_1,angle_1,id_2,type_2,color_2,x_2,y_2,x_vel_2,y_vel_2,angle_2,kind,id_1,type_1,color_1,x_1,y_1,x_vel_1,y_vel_1,angle_1,id_2,type_2,color_2,x_2,y_2,x_vel_2,y_vel_2,angle_2,kind,id_1,type_1,color_1,x_1,y_1,x_vel_1,y_vel_1,angle_1,id_2,type_2,color_2,x_2,y_2,x_vel_2,y_vel_2,angle_2,kind,id_1,type_1,color_1,x_1,y_1,x_vel_1,y_vel_1,angle_1,id_2,type_2,color_2,x_2,y_2,x_vel_2,y_vel_2,angle_2,kind,id_1,type_1,color_1,x_1,y_1,x_vel_1,y_vel_1,angle_1,id_2,type_2,color_2,x_2,y_2,x_vel_2,y_vel_2,angle_2,kind,id_1,type_1,color_1,x_1,y_1,x_vel_1,y_vel_1,angle_1,id_2,type_2,color_2,x_2,y_2,x_vel_2,y_vel_2,angle_2,kind,id_1,type_1,color_1,x_1,y_1,x_vel_1,y_vel_1,angle_1,id_2,type_2,color_2,x_2,y_2,x_vel_2,y_vel_2,angle_2,kind,id_1,type_1,color_1,x_1,y_1,x_vel_1,y_vel_1,angle_1,id_2,type_2,color_2,x_2,y_2,x_vel_2,y_vel_2,angle_2,kind,id_1,type_1,color_1,x_1,y_1,x_vel_1,y_vel_1,angle_1,id_2,type_2,color_2,x_2,y_2,x_vel_2,y_vel_2,angle_2,kind,id_1,type_1,color_1,x_1,y_1,x_vel_1,y_vel_1,angle_1,id_2,type_2,color_2,x_2,y_2,x_vel_2,y_vel_2,angle_2,kind,id_1,type_1,color_1,x_1,y_1,x_vel_1,y_vel_1,angle_1,id_2,type_2,color_2,x_2,y_2,x_vel_2,y_vel_2,angle_2,kind,id_1,type_1,color_1,x_1,y_1,x_vel_1,y_vel_1,angle_1,id_2,type_2,color_2,x_2,y_2,x_vel_2,y_vel_2,angle_2,kind,id_1,type_1,color_1,x_1,y_1,x_vel_1,y_vel_1,angle_1,id_2,type_2,color_2,x_2,y_2,x_vel_2,y_vel_2,angle_2,kind,id_1,type_1,color_1,x_1,y_1,x_vel_1,y_vel_1,angle_1,id_2,type_2,color_2,x_2,y_2,x_vel_2,y_vel_2,angle_2,kind,id_1,type_1,color_1,x_1,y_1,x_vel_1,y_vel_1,angle_1,id_2,type_2,color_2,x_2,y_2,x_vel_2,y_vel_2,angle_2,kind,id_1,type_1,color_1,x_1,y_1,x_vel_1,y_vel_1,angle_1,id_2,type_2,color_2,x_2,y_2,x_vel_2,y_vel_2,angle_2,kind,id_1,type_1,color_1,x_1,y_1,x_vel_1,y_vel_1,angle_1,id_2,type_2,color_2,x_2,y_2,x_vel_2,y_vel_2,angle_2,kind,id_1,type_1,color_1,x_1,y_1,x_vel_1,y_vel_1,angle_1,id_2,type_2,color_2,x_2,y_2,x_vel_2,y_vel_2,angle_2,kind,id_1,type_1,color_1,x_1,y_1,x_vel_1,y_vel_1,angle_1,id_2,type_2,color_2,x_2,y_2,x_vel_2,y_vel_2,angle_2,kind,id_1,type_1,color_1,x_1,y_1,x_vel_1,y_vel_1,angle_1,id_2,type_2,color_2,x_2,y_2,x_vel_2,y_vel_2,angle_2,kind,id_1,type_1,color_1,x_1,y_1,x_vel_1,y_vel_1,angle_1,id_2,type_2,color_2,x_2,y_2,x_vel_2,y_vel_2,angle_2,kind,id_1,type_1,color_1,x_1,y_1,x_vel_1,y_vel_1,angle_1,id_2,type_2,color_2,x_2,y_2,x_vel_2,y_vel_2,angle_2,kind,id_1,type_1,color_1,x_1,y_1,x_vel_1,y_vel_1,angle_1,id_2,type_2,color_2,x_2,y_2,x_vel_2,y_vel_2,angle_2,kind,id_1,type_1,color_1,x_1,y_1,x_vel_1,y_vel_1,angle_1,id_2,type_2,color_2,x_2,y_2,x_vel_2,y_vel_2,angle_2,kind,id_1,type_1,color_1,x_1,y_1,x_vel_1,y_vel_1,angle_1,id_2,type_2,color_2,x_2,y_2,x_vel_2,y_vel_2,angle_2,kind,id_1,type_1,color_1,x_1,y_1,x_vel_1,y_vel_1,angle_1,id_2,type_2,color_2,x_2,y_2,x_vel_2,y_vel_2,angle_2,kind,id_1,type_1,color_1,x_1,y_1,x_vel_1,y_vel_1,angle_1,id_2,type_2,color_2,x_2,y_2,x_vel_2,y_vel_2,angle_2,kind,id_1,type_1,color_1,x_1,y_1,x_vel_1,y_vel_1,angle_1,id_2,type_2,color_2,x_2,y_2,x_vel_2,y_vel_2,angle_2,kind,id_1,type_1,color_1,x_1,y_1,x_vel_1,y_vel_1,angle_1,id_2,type_2,color_2,x_2,y_2,x_vel_2,y_vel_2,angle_2,kind,id_1,type_1,color_1,x_1,y_1,x_vel_1,y_vel_1,angle_1,id_2,type_2,color_2,x_2,y_2,x_vel_2,y_vel_2,angle_2,kind,id_1,type_1,color_1,x_1,y_1,x_vel_1,y_vel_1,angle_1,id_2,type_2,color_2,x_2,y_2,x_vel_2,y_vel_2,angle_2,kind,id_1,type_1,color_1,x_1,y_1,x_vel_1,y_vel_1,angle_1,id_2,type_2,color_2,x_2,y_2,x_vel_2,y_vel_2,angle_2,kind,id_1,type_1,color_1,x_1,y_1,x_vel_1,y_vel_1,angle_1,id_2,type_2,color_2,x_2,y_2,x_vel_2,y_vel_2,angle_2,kind,id_1,type_1,color_1,x_1,y_1,x_vel_1,y_vel_1,angle_1,id_2,type_2,color_2,x_2,y_2,x_vel_2,y_vel_2,angle_2,kind,id_1,type_1,color_1,x_1,y_1,x_vel_1,y_vel_1,angle_1,id_2,type_2,color_2,x_2,y_2,x_vel_2,y_vel_2,angle_2,kind,id_1,type_1,color_1,x_1,y_1,x_vel_1,y_vel_1,angle_1,id_2,type_2,color_2,x_2,y_2,x_vel_2,y_vel_2,angle_2,kind,id_1,type_1,color_1,x_1,y_1,x_vel_1,y_vel_1,angle_1,id_2,type_2,color_2,x_2,y_2,x_vel_2,y_vel_2,angle_2,kind,id_1,type_1,color_1,x_1,y_1,x_vel_1,y_vel_1,angle_1,id_2,type_2,color_2,x_2,y_2,x_vel_2,y_vel_2,angle_2,kind,id_1,type_1,color_1,x_1,y_1,x_vel_1,y_vel_1,angle_1,id_2,type_2,color_2,x_2,y_2,x_vel_2,y_vel_2,angle_2,kind,id_1,type_1,color_1,x_1,y_1,x_vel_1,y_vel_1,angle_1,id_2,type_2,color_2,x_2,y_2,x_vel_2,y_vel_2,angle_2,kind,id_1,type_1,color_1,x_1,y_1,x_vel_1,y_vel_1,angle_1,id_2,type_2,color_2,x_2,y_2,x_vel_2,y_vel_2,angle_2,kind,id_1,type_1,color_1,x_1,y_1,x_vel_1,y_vel_1,angle_1,id_2,type_2,color_2,x_2,y_2,x_vel_2,y_vel_2,angle_2,kind,id_1,type_1,color_1,x_1,y_1,x_vel_1,y_vel_1,angle_1,id_2,type_2,color_2,x_2,y_2,x_vel_2,y_vel_2,angle_2,kind,id_1,type_1,color_1,x_1,y_1,x_vel_1,y_vel_1,angle_1,id_2,type_2,color_2,x_2,y_2,x_vel_2,y_vel_2,angle_2,kind,id_1,type_1,color_1,x_1,y_1,x_vel_1,y_vel_1,angle_1,id_2,type_2,color_2,x_2,y_2,x_vel_2,y_vel_2,angle_2,kind,id_1,type_1,color_1,x_1,y_1,x_vel_1,y_vel_1,angle_1,id_2,type_2,color_2,x_2,y_2,x_vel_2,y_vel_2,angle_2,kind,id_1,type_1,color_1,x_1,y_1,x_vel_1,y_vel_1,angle_1,id_2,type_2,color_2,x_2,y_2,x_vel_2,y_vel_2,angle_2,kind,id_1,type_1,color_1,x_1,y_1,x_vel_1,y_vel_1,angle_1,id_2,type_2,color_2,x_2,y_2,x_vel_2,y_vel_2,angle_2,kind,id_1,type_1,color_1,x_1,y_1,x_vel_1,y_vel_1,angle_1,id_2,type_2,color_2,x_2,y_2,x_vel_2,y_vel_2,angle_2,id_1,type_1,color_1,x_1,y_1,x_vel_1,y_vel_1,angle_1,id_2,type_2,color_2,x_2,y_2,x_vel_2,y_vel_2,angle_2
False,29,False,,,,,,,,,True,begin,31,circle,Black,15.1623,26.221,0,0,0,52,User Circle,Red,17,30.9445,0,-4.9,0
False,29,True,52,User Circle,Red,17.0162,30.9569,1.43445,0.421925,-0.00263716,False
False,29,True,4,circle,Green,23.529,37.1342,0,-4.9,0,False
False,30,False,,,,,,,,,True,end,31,circle,Black,15.1623,26.221,0,0,0,52,User Circle,Red,17.0162,30.9569,1.43445,0.421925,-0.00263716
False,30,True,52,User Circle,Red,17.0401,30.9613,1.43445,0.258592,-0.00757257,False
False,30,True,4,circle,Green,23.529,37.0498,0,-5.06333,0,False
False,42,False,,,,,,,,,True,begin,31,circle,Black,15.1623,26.221,0,0,0,52,User Circle,Red,17.303,30.829,1.43445,-1.53807,-0.0618078
False,42,True,52,User Circle,Red,17.3293,30.8168,1.57711,-0.732671,-0.0690558,False
False,42,True,4,circle,Green,23.529,35.8248,0,-7.02334,0,False
False,61,False,,,,,,,,,True,end,31,circle,Black,15.1623,26.221,0,0,0,52,User Circle,Red,17.9108,30.4974,2.25979,-1.42454,-0.235037
False,61,True,52,User Circle,Red,17.9484,30.471,2.25979,-1.58787,-0.246166,False
False,61,True,4,circle,Green,23.529,33.0835,0,-10.1267,0,False
False,62,False,,,,,,,,,True,begin,31,circle,Black,15.1623,26.221,0,0,0,52,User Circle,Red,17.9484,30.471,2.25979,-1.58787,-0.246166
False,62,True,52,User Circle,Red,17.9873,30.4455,2.33328,-1.5296,-0.257793,False
False,62,True,4,circle,Green,23.529,32.912,0,-10.29,0,False
False,63,False,,,,,,,,,True,begin,4,circle,Green,23.529,32.912,0,-10.29,0,52,User Circle,Red,17.9873,30.4455,2.33328,-1.5296,-0.257793
False,63,True,52,User Circle,Red,18.0248,30.4205,2.24606,-1.50198,-0.269053,False
False,63,True,4,circle,Green,23.6226,32.8074,5.61776,-6.27682,-0.0243973,False
False,64,False,,,,,,,,,True,end,4,circle,Green,23.6226,32.8074,5.61776,-6.27682,-0.0243973,52,User Circle,Red,18.0248,30.4205,2.24606,-1.50198,-0.269053
False,64,True,52,User Circle,Red,18.0628,30.3945,2.28318,-1.55625,-0.280568,False
False,64,True,4,circle,Green,23.7162,32.7,5.61776,-6.44015,-0.0487905,False
False,69,False,,,,,,,,,True,end,31,circle,Black,15.1623,26.221,0,0,0,52,User Circle,Red,18.221,30.2811,2.4266,-1.79074,-0.329238
False,69,True,52,User Circle,Red,18.2615,30.2486,2.4266,-1.95408,-0.341802,False
False,69,True,4,circle,Green,24.1844,32.1225,5.61776,-7.25682,-0.170696,False
False,70,False,,,,,,,,,True,begin,31,circle,Black,15.1623,26.221,0,0,0,52,User Circle,Red,18.2615,30.2486,2.4266,-1.95408,-0.341802
False,70,True,52,User Circle,Red,18.3031,30.2166,2.49465,-1.9196,-0.35492,False
False,70,True,4,circle,Green,24.278,31.9989,5.61776,-7.42015,-0.195065,False
False,75,False,,,,,,,,,True,end,31,circle,Black,15.1623,26.221,0,0,0,52,User Circle,Red,18.4747,30.0771,2.62008,-2.20003,-0.410217
False,75,True,52,User Circle,Red,18.5184,30.0377,2.62008,-2.36336,-0.42447,False
False,75,True,4,circle,Green,24.7461,31.3397,5.61776,-8.23682,-0.316848,False
False,76,False,,,,,,,,,True,begin,31,circle,Black,15.1623,26.221,0,0,0,52,User Circle,Red,18.5184,30.0377,2.62008,-2.36336,-0.42447
False,76,True,52,User Circle,Red,18.563,29.9985,2.67645,-2.35339,-0.439322,False
False,76,True,4,circle,Green,24.8398,31.1997,5.61776,-8.40015,-0.341193,False
False,79,False,,,,,,,,,True,end,31,circle,Black,15.1623,26.221,0,0,0,52,User Circle,Red,18.6535,29.916,2.7275,-2.51491,-0.469934
False,79,True,52,User Circle,Red,18.6989,29.8714,2.7275,-2.67825,-0.485391,False
False,79,True,4,circle,Green,25.1207,30.7633,5.61776,-8.89015,-0.414202,False
False,80,False,,,,,,,,,True,begin,31,circle,Black,15.1623,26.221,0,0,0,52,User Circle,Red,18.6989,29.8714,2.7275,-2.67825,-0.485391
False,80,True,52,User Circle,Red,18.7452,29.8266,2.77565,-2.68913,-0.50144,False
False,80,True,4,circle,Green,25.2143,30.6124,5.61776,-9.05348,-0.43853,False
False,81,False,,,,,,,,,True,begin,4,circle,Green,25.304,30.4653,5.61776,-9.21682,-0.461826,12,circle,Black,26.8151,27.6995,0,0,0
False,81,True,52,User Circle,Red,18.7918,29.7802,2.79907,-2.78144,-0.517766,False
False,81,True,4,circle,Green,25.2996,30.4753,0.154411,2.5416,-0.462285,False
False,82,False,,,,,,,,,True,end,31,circle,Black,15.1623,26.221,0,0,0,52,User Circle,Red,18.7918,29.7802,2.79907,-2.78144,-0.517766
False,82,True,52,User Circle,Red,18.8385,29.7311,2.79907,-2.94477,-0.534088,False
False,82,True,4,circle,Green,25.3022,30.515,0.154411,2.37827,-0.47313,False
False,83,False,,,,,,,,,True,end,4,circle,Green,25.3022,30.515,0.154411,2.37827,-0.47313,12,circle,Black,26.8151,27.6995,0,0,0
False,83,False,,,,,,,,,True,begin,31,circle,Black,15.1623,26.221,0,0,0,52,User Circle,Red,18.8385,29.7311,2.79907,-2.94477,-0.534088
False,83,True,52,User Circle,Red,18.8859,29.6815,2.84518,-2.97975,-0.550917,False
False,83,True,4,circle,Green,25.3047,30.5519,0.154411,2.21494,-0.483975,False
False,85,False,,,,,,,,,True,end,31,circle,Black,15.1623,26.221,0,0,0,52,User Circle,Red,18.9337,29.63,2.86696,-3.08494,-0.567973
False,85,True,52,User Circle,Red,18.9815,29.5759,2.86696,-3.24828,-0.585028,False
False,85,True,4,circle,Green,25.3099,30.6176,0.154411,1.88827,-0.505657,False
False,87,False,,,,,,,,,True,begin,31,circle,Black,15.1623,26.221,0,0,0,52,User Circle,Red,19.0293,29.519,2.86696,-3.41161,-0.602079
False,87,True,52,User Circle,Red,19.078,29.4618,2.92741,-3.43235,-0.619704,False
False,87,True,4,circle,Green,25.315,30.6723,0.154411,1.5616,-0.527333,False
False,89,False,,,,,,,,,True,end,31,circle,Black,15.1623,26.221,0,0,0,52,User Circle,Red,19.1271,29.4025,2.9443,-3.55742,-0.637483
False,89,True,52,User Circle,Red,19.1762,29.3405,2.9443,-3.72075,-0.655258,False
False,89,True,4,circle,Green,25.3202,30.7162,0.154411,1.23494,-0.549001,False
False,91,False,,,,,,,,,True,begin,31,circle,Black,15.1623,26.221,0,0,0,52,User Circle,Red,19.2253,29.2758,2.9443,-3.88409,-0.673031
False,91,True,52,User Circle,Red,19.275,29.2097,2.98371,-3.96837,-0.691129,False
False,91,True,4,circle,Green,25.3253,30.7492,0.154411,0.908272,-0.570662,False
False,92,False,,,,,,,,,True,end,31,circle,Black,15.1623,26.221,0,0,0,52,User Circle,Red,19.275,29.2097,2.98371,-3.96837,-0.691129
False,92,True,52,User Circle,Red,19.3247,29.1408,2.98371,-4.1317,-0.709225,False
False,92,True,4,circle,Green,25.3279,30.7616,0.154411,0.744938,-0.58149,False
False,98,False,,,,,,,,,True,begin,30,circle,Black,16.9165,24.394,0,0,0,52,User Circle,Red,19.6146,28.6851,2.98371,-5.1117,-0.814635
False,98,False,,,,,,,,,True,begin,8,circle,Black,16.9165,24.394,0,0,0,52,User Circle,Red,19.6146,28.6851,2.98371,-5.1117,-0.814635
False,98,True,52,User Circle,Red,19.6324,28.6869,4.4761,-2.16722,-0.81817,False
False,98,True,4,circle,Green,25.3433,30.779,0.154411,-0.235062,-0.646419,False
False,99,False,,,,,,,,,True,begin,4,circle,Green,25.3433,30.779,0.154411,-0.235062,-0.646419,52,User Circle,Red,19.6324,28.6869,4.4761,-2.16722,-0.81817
False,99,True,52,User Circle,Red,19.6909,28.6499,3.51078,-2.22106,-0.835156,False
False,99,True,4,circle,Green,25.4052,30.7656,3.71314,-0.800456,-0.631616,False
False,100,False,,,,,,,,,True,end,4,circle,Green,25.4052,30.7656,3.71314,-0.800456,-0.631616,52,User Circle,Red,19.6909,28.6499,3.51078,-2.22106,-0.835156
False,100,True,52,User Circle,Red,19.7496,28.6116,3.52098,-2.2953,-0.852474,False
False,100,True,4,circle,Green,25.4671,30.7496,3.71314,-0.963789,-0.616815,False
False,105,False,,,,,,,,,True,begin,4,circle,Green,25.7146,30.6581,3.71314,-1.61712,-0.557636,12,circle,Black,26.8151,27.6995,0,0,0
False,105,True,52,User Circle,Red,20.0462,28.3998,3.5873,-2.7184,-0.943516,False
False,105,True,4,circle,Green,25.7313,30.6748,0.999218,1.00399,-0.567954,False
False,106,False,,,,,,,,,True,end,30,circle,Black,16.9165,24.394,0,0,0,52,User Circle,Red,20.0462,28.3998,3.5873,-2.7184,-0.943516
False,106,False,,,,,,,,,True,end,8,circle,Black,16.9165,24.394,0,0,0,52,User Circle,Red,20.0462,28.3998,3.5873,-2.7184,-0.943516
False,106,True,52,User Circle,Red,20.106,28.3518,3.5873,-2.88174,-0.962268,False
False,106,True,4,circle,Green,25.7479,30.6888,0.999218,0.84066,-0.578269,False
False,107,False,,,,,,,,,True,begin,30,circle,Black,16.9165,24.394,0,0,0,52,User Circle,Red,20.106,28.3518,3.5873,-2.88174,-0.962268
False,107,False,,,,,,,,,True,begin,8,circle,Black,16.9165,24.394,0,0,0,52,User Circle,Red,20.106,28.3518,3.5873,-2.88174,-0.962268
False,107,False,,,,,,,,,True,end,4,circle,Green,25.7479,30.6888,0.999218,0.84066,-0.578269,12,circle,Black,26.8151,27.6995,0,0,0
False,107,True,52,User Circle,Red,20.1662,28.3032,3.6159,-2.91393,-0.981516,False
False,107,True,4,circle,Green,25.7646,30.7001,0.999218,0.677326,-0.588583,False
False,108,False,,,,,,,,,True,end,30,circle,Black,16.9165,24.394,0,0,0,52,User Circle,Red,20.1662,28.3032,3.6159,-2.91393,-0.981516
False,108,False,,,,,,,,,True,end,8,circle,Black,16.9165,24.394,0,0,0,52,User Circle,Red,20.1662,28.3032,3.6159,-2.91393,-0.981516
False,108,True,52,User Circle,Red,20.2265,28.2519,3.6159,-3.07727,-1.00076,False
False,108,True,4,circle,Green,25.7812,30.7087,0.999218,0.513993,-0.598895,False
False,109,False,,,,,,,,,True,begin,30,circle,Black,16.9165,24.394,0,0,0,52,User Circle,Red,20.2265,28.2519,3.6159,-3.07727,-1.00076
False,109,False,,,,,,,,,True,begin,8,circle,Black,16.9165,24.394,0,0,0,52,User Circle,Red,20.2265,28.2519,3.6159,-3.07727,-1.00076
False,109,False,,,,,,,,,True,begin,4,circle,Green,25.7812,30.7087,0.999218,0.513993,-0.598895,52,User Circle,Red,20.2265,28.2519,3.6159,-3.07727,-1.00076
False,109,False,,,,,,,,,True,begin,27,circle,Black,23.2108,24.1135,0,0,0,52,User Circle,Red,20.2529,28.2292,3.45305,-2.9626,-1.00947
False,109,False,,,,,,,,,True,begin,7,circle,Black,23.2108,24.1135,0,0,0,52,User Circle,Red,20.2529,28.2292,3.45305,-2.9626,-1.00947
False,109,True,52,User Circle,Red,20.2587,28.2555,1.29744,2.02136,-1.0145,False
False,109,True,4,circle,Green,25.8153,30.714,2.00875,0.302946,-0.601991,False
False,110,False,,,,,,,,,True,end,27,circle,Black,23.2108,24.1135,0,0,0,52,User Circle,Red,20.2587,28.2555,1.29744,2.02136,-1.0145
False,110,False,,,,,,,,,True,end,7,circle,Black,23.2108,24.1135,0,0,0,52,User Circle,Red,20.2587,28.2555,1.29744,2.02136,-1.0145
False,110,False,,,,,,,,,True,end,30,circle,Black,16.9165,24.394,0,0,0,52,User Circle,Red,20.2587,28.2555,1.29744,2.02136,-1.0145
False,110,False,,,,,,,,,True,end,8,circle,Black,16.9165,24.394,0,0,0,52,User Circle,Red,20.2587,28.2555,1.29744,2.02136,-1.0145
False,110,True,52,User Circle,Red,20.2801,28.2864,1.28676,1.85853,-1.02377,False
False,110,True,4,circle,Green,25.8498,30.7164,2.04812,0.137757,-0.604804,False
False,112,False,,,,,,,,,True,begin,4,circle,Green,25.8841,30.7161,2.04812,-0.0255761,-0.607617,12,circle,Black,26.8151,27.6995,0,0,0
False,112,True,52,User Circle,Red,20.3216,28.3402,1.20915,1.53629,-1.04202,False
False,112,True,4,circle,Green,25.9115,30.7255,1.65069,0.509448,-0.615445,False
False,121,False,,,,,,,,,True,end,4,circle,Green,26.097,30.7783,1.27824,0.307513,-0.699126,52,User Circle,Red,20.477,28.4474,1.15638,0.233021,-1.11249
False,121,True,52,User Circle,Red,20.4963,28.4486,1.15638,0.0696879,-1.12126,False
False,121,True,4,circle,Green,26.1179,30.7832,1.2562,0.293015,-0.709458,False
False,125,False,,,,,,,,,True,begin,27,circle,Black,23.2108,24.1135,0,0,0,52,User Circle,Red,20.5541,28.4357,1.15638,-0.420312,-1.14755
False,125,False,,,,,,,,,True,begin,7,circle,Black,23.2108,24.1135,0,0,0,52,User Circle,Red,20.5541,28.4357,1.15638,-0.420312,-1.14755
False,125,True,52,User Circle,Red,20.5683,28.4493,0.867478,0.792106,-1.15236,False
False,125,True,4,circle,Green,26.1981,30.8005,1.17331,0.241146,-0.748914,False
False,182,False,,,,,,,,,True,begin,30,circle,Black,16.9165,24.394,0,0,0,52,User Circle,Red,20.2309,28.2284,-1.64661,-1.17988,-1.05221
False,182,False,,,,,,,,,True,begin,8,circle,Black,16.9165,24.394,0,0,0,52,User Circle,Red,20.2309,28.2284,-1.64661,-1.17988,-1.05221
False,182,True,52,User Circle,Red,20.2355,28.2397,-0.492592,0.946435,-1.0512,False
False,182,True,4,circle,Green,27.0311,30.8559,0.835132,-0.053457,-1.15118,False
False,183,False,,,,,,,,,True,end,27,circle,Black,23.2108,24.1135,0,0,0,52,User Circle,Red,20.2355,28.2397,-0.492592,0.946435,-1.0512
False,183,False,,,,,,,,,True,end,7,circle,Black,23.2108,24.1135,0,0,0,52,User Circle,Red,20.2355,28.2397,-0.492592,0.946435,-1.0512
False,183,True,52,User Circle,Red,20.2272,28.2528,-0.492592,0.783102,-1.04707,False
False,183,True,4,circle,Green,27.0452,30.8549,0.842253,-0.057643,-1.15794,False
False,184,False,,,,,,,,,True,end,30,circle,Black,16.9165,24.394,0,0,0,52,User Circle,Red,20.2272,28.2528,-0.492592,0.783102,-1.04707
False,184,False,,,,,,,,,True,end,8,circle,Black,16.9165,24.394,0,0,0,52,User Circle,Red,20.2272,28.2528,-0.492592,0.783102,-1.04707
False,184,True,52,User Circle,Red,20.219,28.2631,-0.492592,0.619769,-1.04294,False
False,184,True,4,circle,Green,27.0593,30.8539,0.849831,-0.0619595,-1.16476,False
False,188,False,,,,,,,,,True,begin,30,circle,Black,16.9165,24.394,0,0,0,52,User Circle,Red,20.1944,28.2778,-0.492592,0.129768,-1.03054
False,188,False,,,,,,,,,True,begin,8,circle,Black,16.9165,24.394,0,0,0,52,User Circle,Red,20.1944,28.2778,-0.492592,0.129768,-1.03054
False,188,True,52,User Circle,Red,20.1877,28.2834,-0.40233,0.339563,-1.02784,False
False,188,True,4,circle,Green,27.1174,30.849,0.884779,-0.0807449,-1.19275,False
False,210,False,,,,,,,,,True,begin,27,circle,Black,23.2108,24.1135,0,0,0,52,User Circle,Red,20.2414,28.2378,0.683559,-0.587753,-1.0453
False,210,False,,,,,,,,,True,begin,7,circle,Black,23.2108,24.1135,0,0,0,52,User Circle,Red,20.2414,28.2378,0.683559,-0.587753,-1.0453
False,210,True,52,User Circle,Red,20.2446,28.2442,0.18865,0.384476,-1.04687,False
False,210,True,4,circle,Green,27.4981,30.79,1.21791,-0.260815,-1.37791,False
False,211,False,,,,,,,,,True,end,27,circle,Black,23.2108,24.1135,0,0,0,52,User Circle,Red,20.2446,28.2442,0.18865,0.384476,-1.04687
False,211,False,,,,,,,,,True,end,7,circle,Black,23.2108,24.1135,0,0,0,52,User Circle,Red,20.2446,28.2442,0.18865,0.384476,-1.04687
False,211,False,,,,,,,,,True,end,30,circle,Black,16.9165,24.394,0,0,0,52,User Circle,Red,20.2446,28.2442,0.18865,0.384476,-1.04687
False,211,False,,,,,,,,,True,end,8,circle,Black,16.9165,24.394,0,0,0,52,User Circle,Red,20.2446,28.2442,0.18865,0.384476,-1.04687
False,211,True,52,User Circle,Red,20.2477,28.2479,0.18865,0.221143,-1.04845,False
False,211,True,4,circle,Green,27.5188,30.7854,1.23903,-0.27385,-1.38806,False
False,214,False,,,,,,,,,True,begin,27,circle,Black,23.2108,24.1135,0,0,0,52,User Circle,Red,20.254,28.2471,0.18865,-0.105524,-1.05159
False,214,False,,,,,,,,,True,begin,7,circle,Black,23.2108,24.1135,0,0,0,52,User Circle,Red,20.254,28.2471,0.18865,-0.105524,-1.05159
False,214,True,52,User Circle,Red,20.2557,28.2483,0.100745,0.0720663,-1.05211,False
False,214,True,4,circle,Green,27.583,30.7703,1.30562,-0.316675,-1.41971,False
False,223,False,,,,,,,,,True,begin,30,circle,Black,16.9165,24.394,0,0,0,52,User Circle,Red,20.2382,28.2358,-0.311019,-0.22369,-1.04674
False,223,False,,,,,,,,,True,begin,8,circle,Black,16.9165,24.394,0,0,0,52,User Circle,Red,20.2382,28.2358,-0.311019,-0.22369,-1.04674
False,223,True,52,User Circle,Red,20.2367,28.237,-0.0876138,0.0757525,-1.04626,False
False,223,True,4,circle,Green,27.7973,30.7095,1.53366,-0.48611,-1.52669,False
False,224,False,,,,,,,,,True,end,27,circle,Black,23.2108,24.1135,0,0,0,52,User Circle,Red,20.2367,28.237,-0.0876138,0.0757525,-1.04626
False,224,False,,,,,,,,,True,end,7,circle,Black,23.2108,24.1135,0,0,0,52,User Circle,Red,20.2367,28.237,-0.0876138,0.0757525,-1.04626
False,224,True,52,User Circle,Red,20.2362,28.2375,-0.0337912,0.0291941,-1.04607,False
False,224,True,4,circle,Green,27.8233,30.7011,1.56149,-0.509522,-1.53983,False
False,227,False,,,,,,,,,True,begin,27,circle,Black,23.2108,24.1135,0,0,0,52,User Circle,Red,20.2377,28.2362,0.0738936,-0.0638329,-1.04659
False,227,False,,,,,,,,,True,begin,7,circle,Black,23.2108,24.1135,0,0,0,52,User Circle,Red,20.2377,28.2362,0.0738936,-0.0638329,-1.04659
False,227,True,52,User Circle,Red,20.2377,28.2362,-2.18012e-05,1.88452e-05,-1.04659,False
False,227,True,4,circle,Green,27.9042,30.6731,1.64768,-0.58637,-1.58094,False
False,228,False,,,,,,,,,True,end,4,circle,Green,27.9042,30.6731,1.64768,-0.58637,-1.58094,12,circle,Black,26.8151,27.6995,0,0,0
False,228,True,52,User Circle,Red,20.2377,28.2362,4.15602e-11,-3.59252e-11,-1.04659,False
False,228,True,4,circle,Green,27.9317,30.6606,1.64768,-0.749704,-1.59493,False
False,229,False,,,,,,,,,True,begin,4,circle,Green,27.9317,30.6606,1.64768,-0.749704,-1.59493,12,circle,Black,26.8151,27.6995,0,0,0
False,229,True,52,User Circle,Red,20.2377,28.2362,-3.15231e-14,2.7418e-14,-1.04659,False
False,229,True,4,circle,Green,27.9602,30.6498,1.70766,-0.643962,-1.60954,False
False,241,False,,,,,,,,,True,end,4,circle,Green,28.3076,30.4926,2.05421,-1.0657,-1.79273,12,circle,Black,26.8151,27.6995,0,0,0
False,241,True,52,User Circle,Red,20.2377,28.2362,-2.85033e-16,2.91612e-16,-1.04659,False
False,241,True,4,circle,Green,28.3418,30.4721,2.05421,-1.22903,-1.81124,False
False,242,False,,,,,,,,,True,begin,4,circle,Green,28.3418,30.4721,2.05421,-1.22903,-1.81124,12,circle,Black,26.8151,27.6995,0,0,0
False,242,True,52,User Circle,Red,20.2377,28.2362,-9.1758e-16,3.07369e-17,-1.04659,False
False,242,True,4,circle,Green,28.3771,30.4527,2.1183,-1.16643,-1.83059,False
False,248,False,,,,,,,,,True,end,4,circle,Green,28.5614,30.3414,2.27175,-1.4557,-1.93396,12,circle,Black,26.8151,27.6995,0,0,0
False,248,True,52,User Circle,Red,20.2377,28.2362,-2.24212e-16,-1.70281e-16,-1.04659,False
False,248,True,4,circle,Green,28.5992,30.3144,2.27175,-1.61904,-1.95554,False
False,249,False,,,,,,,,,True,begin,4,circle,Green,28.5992,30.3144,2.27175,-1.61904,-1.95554,12,circle,Black,26.8151,27.6995,0,0,0
False,249,True,52,User Circle,Red,20.2377,28.2362,1.46545e-18,1.76735e-16,-1.04659,False
False,249,True,4,circle,Green,28.6381,30.2879,2.3291,-1.58915,-1.9781,False
False,253,False,,,,,,,,,True,begin,4,circle,Green,28.7572,30.2013,2.40728,-1.80835,-2.04882,49,circle,Black,28.8949,27.0484,0,0,0
False,253,False,,,,,,,,,True,end,4,circle,Green,28.7572,30.2013,2.40728,-1.80835,-2.04882,12,circle,Black,26.8151,27.6995,0,0,0
False,253,True,52,User Circle,Red,20.2377,28.2362,4.94707e-16,1.66777e-16,-1.04659,False
False,253,True,4,circle,Green,28.7993,30.21,2.52704,0.525762,-2.06925,False
False,255,False,,,,,,,,,True,end,4,circle,Green,28.8414,30.2161,2.52704,0.362429,-2.08968,49,circle,Black,28.8949,27.0484,0,0,0
False,255,True,52,User Circle,Red,20.2377,28.2362,2.10253e-16,1.76522e-16,-1.04659,False
False,255,True,4,circle,Green,28.8835,30.2194,2.52704,0.199095,-2.11011,False
False,259,False,,,,,,,,,True,begin,4,circle,Green,29.0099,30.213,2.52704,-0.290905,-2.17137,49,circle,Black,28.8949,27.0484,0,0,0
False,259,True,52,User Circle,Red,20.2377,28.2362,0,0,-1.04659,False
False,259,True,4,circle,Green,29.0523,30.2115,2.54346,-0.0924115,-2.19173,False
False,260,False,,,,,,,,,True,end,4,circle,Green,29.0523,30.2115,2.54346,-0.0924115,-2.19173,49,circle,Black,28.8949,27.0484,0,0,0
False,260,True,52,User Circle,Red,20.2377,28.2362,0,0,-1.04659,False
False,260,True,4,circle,Green,29.0946,30.2072,2.54346,-0.255745,-2.21209,False
False,261,False,,,,,,,,,True,begin,4,circle,Green,29.0946,30.2072,2.54346,-0.255745,-2.21209,49,circle,Black,28.8949,27.0484,0,0,0
False,261,True,52,User Circle,Red,20.2377,28.2362,0,0,-1.04659,False
False,261,True,4,circle,Green,29.1372,30.2045,2.55256,-0.161424,-2.23256,False
False,267,False,,,,,,,,,True,end,4,circle,Green,29.3516,30.1822,2.59044,-0.341258,-2.33609,49,circle,Black,28.8949,27.0484,0,0,0
False,267,True,52,User Circle,Red,20.2377,28.2362,0,0,-1.04659,False
False,267,True,4,circle,Green,29.3948,30.1737,2.59044,-0.504591,-2.35699,False
False,268,False,,,,,,,,,True,begin,4,circle,Green,29.3948,30.1737,2.59044,-0.504591,-2.35699,49,circle,Black,28.8949,27.0484,0,0,0
False,268,True,52,User Circle,Red,20.2377,28.2362,0,0,-1.04659,False
False,268,True,4,circle,Green,29.4384,30.1668,2.61273,-0.417934,-2.37816,False
False,274,False,,,,,,,,,True,end,4,circle,Green,29.6594,30.1217,2.68114,-0.625835,-2.48647,49,circle,Black,28.8949,27.0484,0,0,0
False,274,True,52,User Circle,Red,20.2377,28.2362,0,0,-1.04659,False
False,274,True,4,circle,Green,29.7041,30.1086,2.68114,-0.789168,-2.5085,False
False,275,False,,,,,,,,,True,begin,4,circle,Green,29.7041,30.1086,2.68114,-0.789168,-2.5085,49,circle,Black,28.8949,27.0484,0,0,0
False,275,True,52,User Circle,Red,20.2377,28.2362,0,0,-1.04659,False
False,275,True,4,circle,Green,29.7493,30.0966,2.71421,-0.717703,-2.53096,False
False,279,False,,,,,,,,,True,end,4,circle,Green,29.8868,30.0558,2.76713,-0.866037,-2.5998,49,circle,Black,28.8949,27.0484,0,0,0
False,279,True,52,User Circle,Red,20.2377,28.2362,0,0,-1.04659,False
False,279,True,4,circle,Green,29.9329,30.0387,2.76713,-1.02937,-2.62299,False
False,280,False,,,,,,,,,True,begin,4,circle,Green,29.9329,30.0387,2.76713,-1.02937,-2.62299,49,circle,Black,28.8949,27.0484,0,0,0
False,280,True,52,User Circle,Red,20.2377,28.2362,0,0,-1.04659,False
False,280,True,4,circle,Green,29.9796,30.0225,2.80519,-0.973755,-2.64676,False
False,284,False,,,,,,,,,True,end,4,circle,Green,30.1218,29.968,2.86328,-1.14895,-2.71986,49,circle,Black,28.8949,27.0484,0,0,0
False,284,True,52,User Circle,Red,20.2377,28.2362,0,0,-1.04659,False
False,284,True,4,circle,Green,30.1695,29.9461,2.86328,-1.31228,-2.74454,False
False,285,False,,,,,,,,,True,begin,4,circle,Green,30.1695,29.9461,2.86328,-1.31228,-2.74454,49,circle,Black,28.8949,27.0484,0,0,0
False,285,True,52,User Circle,Red,20.2377,28.2362,0,0,-1.04659,False
False,285,True,4,circle,Green,30.2179,29.9248,2.90279,-1.2769,-2.76992,False
False,288,False,,,,,,,,,True,end,4,circle,Green,30.3156,29.8789,2.94108,-1.4136,-2.82176,49,circle,Black,28.8949,27.0484,0,0,0
False,288,True,52,User Circle,Red,20.2377,28.2362,0,0,-1.04659,False
False,288,True,4,circle,Green,30.3647,29.8526,2.94108,-1.57693,-2.84786,False
False,289,False,,,,,,,,,True,begin,4,circle,Green,30.3647,29.8526,2.94108,-1.57693,-2.84786,49,circle,Black,28.8949,27.0484,0,0,0
False,289,True,52,User Circle,Red,20.2377,28.2362,0,0,-1.04659,False
False,289,True,4,circle,Green,30.4143,29.8266,2.97815,-1.56097,-2.87476,False
False,291,False,,,,,,,,,True,end,4,circle,Green,30.4642,29.7993,2.99554,-1.63831,-2.90208,49,circle,Black,28.8949,27.0484,0,0,0
False,291,True,52,User Circle,Red,20.2377,28.2362,0,0,-1.04659,False
False,291,True,4,circle,Green,30.5141,29.7693,2.99554,-1.80164,-2.92939,False
False,292,False,,,,,,,,,True,begin,4,circle,Green,30.5141,29.7693,2.99554,-1.80164,-2.92939,49,circle,Black,28.8949,27.0484,0,0,0
False,292,True,52,User Circle,Red,20.2377,28.2362,0,0,-1.04659,False
False,292,True,4,circle,Green,30.5646,29.7392,3.02801,-1.80209,-2.95758,False
False,293,False,,,,,,,,,True,end,4,circle,Green,30.5646,29.7392,3.02801,-1.80209,-2.95758,49,circle,Black,28.8949,27.0484,0,0,0
False,293,True,52,User Circle,Red,20.2377,28.2362,0,0,-1.04659,False
False,293,True,4,circle,Green,30.6151,29.7065,3.02801,-1.96542,-2.98577,False
False,294,False,,,,,,,,,True,begin,4,circle,Green,30.6151,29.7065,3.02801,-1.96542,-2.98577,49,circle,Black,28.8949,27.0484,0,0,0
False,294,True,52,User Circle,Red,20.2377,28.2362,0,0,-1.04659,False
False,294,True,4,circle,Green,30.666,29.6735,3.05581,-1.97763,-3.01489,False
False,296,False,,,,,,,,,True,end,4,circle,Green,30.7171,29.639,3.06745,-2.06961,-3.0445,49,circle,Black,28.8949,27.0484,0,0,0
False,296,True,52,User Circle,Red,20.2377,28.2362,0,0,-1.04659,False
False,296,True,4,circle,Green,30.7683,29.6018,3.06745,-2.23294,-3.07409,False
False,298,False,,,,,,,,,True,begin,4,circle,Green,30.8194,29.5618,3.06745,-2.39628,-3.10369,49,circle,Black,28.8949,27.0484,0,0,0
False,298,True,52,User Circle,Red,20.2377,28.2362,0,0,-1.04659,False
False,298,True,4,circle,Green,30.8711,29.5223,3.10277,-2.37577,-3.13461,False
False,300,False,,,,,,,,,True,end,4,circle,Green,30.923,29.4808,3.1138,-2.48747,-3.16591,49,circle,Black,28.8949,27.0484,0,0,0
False,300,True,52,User Circle,Red,20.2377,28.2362,0,0,-1.04659,False
False,300,True,4,circle,Green,30.9749,29.4366,3.1138,-2.6508,-3.19721,False
False,301,False,,,,,,,,,True,begin,4,circle,Green,31.0173,29.3982,3.1138,-2.81413,-3.2228,13,circle,Black,30.8322,26.2517,0,0,0
False,301,False,,,,,,,,,True,begin,4,circle,Green,31.0173,29.3982,3.1138,-2.81413,-3.2228,10,circle,Black,30.8322,26.2517,0,0,0
False,301,False,,,,,,,,,True,begin,4,circle,Green,31.0173,29.3982,3.1138,-2.81413,-3.2228,49,circle,Black,28.8949,27.0484,0,0,0
False,301,True,52,User Circle,Red,20.2377,28.2362,0,0,-1.04659,False
False,301,True,4,circle,Green,31.0286,29.4088,3.50979,0.319696,-3.22788,False
False,302,False,,,,,,,,,True,end,4,circle,Green,31.0286,29.4088,3.50979,0.319696,-3.22788,49,circle,Black,28.8949,27.0484,0,0,0
False,302,True,52,User Circle,Red,20.2377,28.2362,0,0,-1.04659,False
False,302,True,4,circle,Green,31.087,29.4115,3.50979,0.156363,-3.25579,False
False,303,False,,,,,,,,,True,end,4,circle,Green,31.087,29.4115,3.50979,0.156363,-3.25579,13,circle,Black,30.8322,26.2517,0,0,0
False,303,False,,,,,,,,,True,end,4,circle,Green,31.087,29.4115,3.50979,0.156363,-3.25579,10,circle,Black,30.8322,26.2517,0,0,0
False,303,True,52,User Circle,Red,20.2377,28.2362,0,0,-1.04659,False
False,303,True,4,circle,Green,31.1455,29.4113,3.50979,-0.00697041,-3.2837,False
False,311,False,,,,,,,,,True,begin,4,circle,Green,31.555,29.3343,3.50979,-1.1503,-3.47889,13,circle,Black,30.8322,26.2517,0,0,0
False,311,False,,,,,,,,,True,begin,4,circle,Green,31.555,29.3343,3.50979,-1.1503,-3.47889,10,circle,Black,30.8322,26.2517,0,0,0
False,311,True,52,User Circle,Red,20.2377,28.2362,0,0,-1.04659,False
False,311,True,4,circle,Green,31.6141,29.3205,3.54288,-0.830726,-3.50801,False
False,312,False,,,,,,,,,True,end,4,circle,Green,31.6141,29.3205,3.54288,-0.830726,-3.50801,13,circle,Black,30.8322,26.2517,0,0,0
False,312,False,,,,,,,,,True,end,4,circle,Green,31.6141,29.3205,3.54288,-0.830726,-3.50801,10,circle,Black,30.8322,26.2517,0,0,0
False,312,True,52,User Circle,Red,20.2377,28.2362,0,0,-1.04659,False
False,312,True,4,circle,Green,31.6731,29.3039,3.54288,-0.994059,-3.53712,False
False,313,False,,,,,,,,,True,begin,4,circle,Green,31.6731,29.3039,3.54288,-0.994059,-3.53712,13,circle,Black,30.8322,26.2517,0,0,0
False,313,False,,,,,,,,,True,begin,4,circle,Green,31.6731,29.3039,3.54288,-0.994059,-3.53712,10,circle,Black,30.8322,26.2517,0,0,0
False,313,True,52,User Circle,Red,20.2377,28.2362,0,0,-1.04659,False
False,313,True,4,circle,Green,31.7325,29.2875,3.56181,-0.9813,-3.56668,False
False,315,False,,,,,,,,,True,end,4,circle,Green,31.792,29.2699,3.57126,-1.05904,-3.59648,13,circle,Black,30.8322,26.2517,0,0,0
False,315,False,,,,,,,,,True,end,4,circle,Green,31.792,29.2699,3.57126,-1.05904,-3.59648,10,circle,Black,30.8322,26.2517,0,0,0
False,315,True,52,User Circle,Red,20.2377,28.2362,0,0,-1.04659,False
False,315,True,4,circle,Green,31.8515,29.2495,3.57126,-1.22237,-3.62628,False
False,316,False,,,,,,,,,True,begin,4,circle,Green,31.8515,29.2495,3.57126,-1.22237,-3.62628,13,circle,Black,30.8322,26.2517,0,0,0
False,316,False,,,,,,,,,True,begin,4,circle,Green,31.8515,29.2495,3.57126,-1.22237,-3.62628,10,circle,Black,30.8322,26.2517,0,0,0
False,316,True,52,User Circle,Red,20.2377,28.2362,0,0,-1.04659,False
False,316,True,4,circle,Green,31.9114,29.2292,3.5908,-1.22093,-3.65662,False
False,317,False,,,,,,,,,True,end,4,circle,Green,31.9114,29.2292,3.5908,-1.22093,-3.65662,13,circle,Black,30.8322,26.2517,0,0,0
False,317,False,,,,,,,,,True,end,4,circle,Green,31.9114,29.2292,3.5908,-1.22093,-3.65662,10,circle,Black,30.8322,26.2517,0,0,0
False,317,True,52,User Circle,Red,20.2377,28.2362,0,0,-1.04659,False
False,317,True,4,circle,Green,31.9712,29.2061,3.5908,-1.38426,-3.68696,False
False,318,False,,,,,,,,,True,begin,4,circle,Green,31.9712,29.2061,3.5908,-1.38426,-3.68696,13,circle,Black,30.8322,26.2517,0,0,0
False,318,False,,,,,,,,,True,begin,4,circle,Green,31.9712,29.2061,3.5908,-1.38426,-3.68696,10,circle,Black,30.8322,26.2517,0,0,0
False,318,True,52,User Circle,Red,20.2377,28.2362,0,0,-1.04659,False
False,318,True,4,circle,Green,32.0314,29.1829,3.6096,-1.3916,-3.71791,False
False,319,False,,,,,,,,,True,end,4,circle,Green,32.0314,29.1829,3.6096,-1.3916,-3.71791,13,circle,Black,30.8322,26.2517,0,0,0
False,319,False,,,,,,,,,True,end,4,circle,Green,32.0314,29.1829,3.6096,-1.3916,-3.71791,10,circle,Black,30.8322,26.2517,0,0,0
False,319,True,52,User Circle,Red,20.2377,28.2362,0,0,-1.04659,False
False,319,True,4,circle,Green,32.0915,29.157,3.6096,-1.55493,-3.74886,False
False,320,False,,,,,,,,,True,begin,4,circle,Green,32.0915,29.157,3.6096,-1.55493,-3.74886,13,circle,Black,30.8322,26.2517,0,0,0
False,320,False,,,,,,,,,True,begin,4,circle,Green,32.0915,29.157,3.6096,-1.55493,-3.74886,10,circle,Black,30.8322,26.2517,0,0,0
False,320,True,52,User Circle,Red,20.2377,28.2362,0,0,-1.04659,False
False,320,True,4,circle,Green,32.152,29.1308,3.62657,-1.57197,-3.78048,False
False,321,False,,,,,,,,,True,end,4,circle,Green,32.152,29.1308,3.62657,-1.57197,-3.78048,13,circle,Black,30.8322,26.2517,0,0,0
False,321,False,,,,,,,,,True,end,4,circle,Green,32.152,29.1308,3.62657,-1.57197,-3.78048,10,circle,Black,30.8322,26.2517,0,0,0
False,321,True,52,User Circle,Red,20.2377,28.2362,0,0,-1.04659,False
False,321,True,4,circle,Green,32.2124,29.1019,3.62657,-1.7353,-3.8121,False
False,323,False,,,,,,,,,True,begin,4,circle,Green,32.2729,29.0702,3.62657,-1.89863,-3.84371,13,circle,Black,30.8322,26.2517,0,0,0
False,323,False,,,,,,,,,True,begin,4,circle,Green,32.2729,29.0702,3.62657,-1.89863,-3.84371,10,circle,Black,30.8322,26.2517,0,0,0
False,323,True,52,User Circle,Red,20.2377,28.2362,0,0,-1.04659,False
False,323,True,4,circle,Green,32.3336,29.0392,3.64622,-1.86373,-3.87648,False
False,325,False,,,,,,,,,True,end,4,circle,Green,32.3945,29.0064,3.65011,-1.96608,-3.90965,13,circle,Black,30.8322,26.2517,0,0,0
False,325,False,,,,,,,,,True,end,4,circle,Green,32.3945,29.0064,3.65011,-1.96608,-3.90965,10,circle,Black,30.8322,26.2517,0,0,0
False,325,True,52,User Circle,Red,20.2377,28.2362,0,0,-1.04659,False
False,325,True,4,circle,Green,32.4553,28.9709,3.65011,-2.12942,-3.94282,False
False,327,False,,,,,,,,,True,begin,4,circle,Green,32.5162,28.9327,3.65011,-2.29275,-3.97598,13,circle,Black,30.8322,26.2517,0,0,0
False,327,False,,,,,,,,,True,begin,4,circle,Green,32.5162,28.9327,3.65011,-2.29275,-3.97598,10,circle,Black,30.8322,26.2517,0,0,0
False,327,True,52,User Circle,Red,20.2377,28.2362,0,0,-1.04659,False
False,327,True,4,circle,Green,32.5772,28.8943,3.66512,-2.30208,-4.01024,False
False,328,False,,,,,,,,,True,end,4,circle,Green,32.5772,28.8943,3.66512,-2.30208,-4.01024,13,circle,Black,30.8322,26.2517,0,0,0
False,328,False,,,,,,,,,True,end,4,circle,Green,32.5772,28.8943,3.66512,-2.30208,-4.01024,10,circle,Black,30.8322,26.2517,0,0,0
False,328,True,52,User Circle,Red,20.2377,28.2362,0,0,-1.04659,False
False,328,True,4,circle,Green,32.6383,28.8532,3.66512,-2.46541,-4.0445,False
False,331,False,,,,,,,,,True,begin,4,circle,Green,32.7605,28.7629,3.66512,-2.79208,-4.11299,13,circle,Black,30.8322,26.2517,0,0,0
False,331,False,,,,,,,,,True,begin,4,circle,Green,32.7605,28.7629,3.66512,-2.79208,-4.11299,10,circle,Black,30.8322,26.2517,0,0,0
False,331,True,52,User Circle,Red,20.2377,28.2362,0,0,-1.04659,False
False,331,True,4,circle,Green,32.822,28.7157,3.68889,-2.83262,-4.14813,False
False,332,False,,,,,,,,,True,end,4,circle,Green,32.822,28.7157,3.68889,-2.83262,-4.14813,13,circle,Black,30.8322,26.2517,0,0,0
False,332,False,,,,,,,,,True,end,4,circle,Green,32.822,28.7157,3.68889,-2.83262,-4.14813,10,circle,Black,30.8322,26.2517,0,0,0
False,332,True,52,User Circle,Red,20.2377,28.2362,0,0,-1.04659,False
False,332,True,4,circle,Green,32.8835,28.6657,3.68889,-2.99595,-4.18326,False
False,336,False,,,,,,,,,True,begin,4,circle,Green,33.0798,28.4879,3.68889,-3.64928,-4.29539,26,circle,Black,34.4311,25.6406,0,0,0
False,336,True,52,User Circle,Red,20.2377,28.2362,0,0,-1.04659,False
False,336,True,4,circle,Green,33.1022,28.5234,1.96744,2.01381,-4.31246,False
False,337,False,,,,,,,,,True,end,4,circle,Green,33.1022,28.5234,1.96744,2.01381,-4.31246,26,circle,Black,34.4311,25.6406,0,0,0
False,337,True,52,User Circle,Red,20.2377,28.2362,0,0,-1.04659,False
False,337,True,4,circle,Green,33.135,28.5542,1.96744,1.85048,-4.33361,False
False,353,False,,,,,,,,,True,begin,4,circle,Green,33.6269,28.6902,1.96744,-0.599521,-4.65047,26,circle,Black,34.4311,25.6406,0,0,0
False,353,True,52,User Circle,Red,20.2377,28.2362,0,0,-1.04659,False
False,353,True,4,circle,Green,33.6581,28.7034,1.88625,0.753807,-4.66665,False
False,397,False,,,,,,,,,True,end,4,circle,Green,34.8949,28.7732,1.75718,-0.243376,-5.26642,26,circle,Black,34.4311,25.6406,0,0,0
False,397,True,52,User Circle,Red,20.2377,28.2362,0,0,-1.04659,False
False,397,True,4,circle,Green,34.9242,28.7664,1.75718,-0.406709,-5.28061,False
False,398,False,,,,,,,,,True,begin,4,circle,Green,34.9242,28.7664,1.75718,-0.406709,-5.28061,26,circle,Black,34.4311,25.6406,0,0,0
False,398,True,52,User Circle,Red,20.2377,28.2362,0,0,-1.04659,False
False,398,True,4,circle,Green,34.9539,28.7617,1.78509,-0.281551,-5.29508,False
False,412,False,,,,,,,,,True,end,4,circle,Green,35.3676,28.6658,2.03423,-0.604918,-5.49914,26,circle,Black,34.4311,25.6406,0,0,0
False,412,True,52,User Circle,Red,20.2377,28.2362,0,0,-1.04659,False
False,412,True,4,circle,Green,35.4015,28.653,2.03423,-0.768251,-5.51612,False
False,413,False,,,,,,,,,True,begin,4,circle,Green,35.4015,28.653,2.03423,-0.768251,-5.51612,26,circle,Black,34.4311,25.6406,0,0,0
False,413,True,52,User Circle,Red,20.2377,28.2362,0,0,-1.04659,False
False,413,True,4,circle,Green,35.4362,28.6418,2.08272,-0.670923,-5.53363,False
False,421,False,,,,,,,,,True,end,4,circle,Green,35.6912,28.5458,2.26434,-0.94751,-5.66445,26,circle,Black,34.4311,25.6406,0,0,0
False,421,True,52,User Circle,Red,20.2377,28.2362,0,0,-1.04659,False
False,421,True,4,circle,Green,35.7289,28.5273,2.26434,-1.11084,-5.68408,False
False,422,False,,,,,,,,,True,begin,4,circle,Green,35.7289,28.5273,2.26434,-1.11084,-5.68408,26,circle,Black,34.4311,25.6406,0,0,0
False,422,True,52,User Circle,Red,20.2377,28.2362,0,0,-1.04659,False
False,422,True,4,circle,Green,35.7676,28.5099,2.31916,-1.04262,-5.70443,False
False,428,False,,,,,,,,,True,end,4,circle,Green,35.9676,28.4098,2.4547,-1.31532,-5.81186,26,circle,Black,34.4311,25.6406,0,0,0
False,428,True,52,User Circle,Red,20.2377,28.2362,0,0,-1.04659,False
False,428,True,4,circle,Green,36.0085,28.3851,2.4547,-1.47866,-5.83414,False
False,429,False,,,,,,,,,True,begin,4,circle,Green,36.0085,28.3851,2.4547,-1.47866,-5.83414,26,circle,Black,34.4311,25.6406,0,0,0
False,429,True,52,User Circle,Red,20.2377,28.2362,0,0,-1.04659,False
False,429,True,4,circle,Green,36.0503,28.3611,2.5074,-1.44112,-5.85728,False
False,432,False,,,,,,,,,True,end,4,circle,Green,36.1352,28.3097,2.55744,-1.57639,-5.9049,26,circle,Black,34.4311,25.6406,0,0,0
False,432,True,52,User Circle,Red,20.2377,28.2362,0,0,-1.04659,False
False,432,True,4,circle,Green,36.1778,28.2807,2.55744,-1.73972,-5.92893,False
False,433,False,,,,,,,,,True,begin,4,circle,Green,36.1778,28.2807,2.55744,-1.73972,-5.92893,26,circle,Black,34.4311,25.6406,0,0,0
False,433,True,52,User Circle,Red,20.2377,28.2362,0,0,-1.04659,False
False,433,True,4,circle,Green,36.2212,28.252,2.60447,-1.72308,-5.95392,False
False,436,False,,,,,,,,,True,end,4,circle,Green,36.3091,28.1906,2.64685,-1.88034,-6.00538,26,circle,Black,34.4311,25.6406,0,0,0
False,436,True,52,User Circle,Red,20.2377,28.2362,0,0,-1.04659,False
False,436,True,4,circle,Green,36.3532,28.1566,2.64685,-2.04368,-6.03135,False
False,437,False,,,,,,,,,True,begin,4,circle,Green,36.3532,28.1566,2.64685,-2.04368,-6.03135,26,circle,Black,34.4311,25.6406,0,0,0
False,437,True,52,User Circle,Red,20.2377,28.2362,0,0,-1.04659,False
False,437,True,4,circle,Green,36.3979,28.1224,2.68371,-2.0502,-6.05837,False
False,439,False,,,,,,,,,True,end,4,circle,Green,36.4429,28.0868,2.69953,-2.13933,-6.08592,26,circle,Black,34.4311,25.6406,0,0,0
False,439,True,52,User Circle,Red,20.2377,28.2362,0,0,-1.04659,False
False,439,True,4,circle,Green,36.4879,28.0484,2.69953,-2.30266,-6.11347,False
False,440,False,,,,,,,,,True,begin,4,circle,Green,36.4879,28.0484,2.69953,-2.30266,-6.11347,26,circle,Black,34.4311,25.6406,0,0,0
False,440,True,52,User Circle,Red,20.2377,28.2362,0,0,-1.04659,False
False,440,True,4,circle,Green,36.5335,28.0095,2.73229,-2.33398,-6.14199,False
False,441,False,,,,,,,,,True,end,4,circle,Green,36.5335,28.0095,2.73229,-2.33398,-6.14199,26,circle,Black,34.4311,25.6406,0,0,0
False,441,True,52,User Circle,Red,20.2377,28.2362,0,0,-1.04659,False
False,441,True,4,circle,Green,36.579,27.9679,2.73229,-2.49731,-6.17051,False
False,443,False,,,,,,,,,True,begin,4,circle,Green,36.6245,27.9235,2.73229,-2.66064,-6.19902,26,circle,Black,34.4311,25.6406,0,0,0
False,443,True,52,User Circle,Red,20.2377,28.2362,0,0,-1.04659,False
False,443,True,4,circle,Green,36.6709,27.879,2.77993,-2.67093,-6.22867,False
False,445,False,,,,,,,,,True,end,4,circle,Green,36.7174,27.8324,2.79311,-2.79477,-6.25862,26,circle,Black,34.4311,25.6406,0,0,0
False,445,True,52,User Circle,Red,20.2377,28.2362,0,0,-1.04659,False
False,445,True,4,circle,Green,36.764,27.7831,2.79311,-2.9581,-6.28856,False
False,449,False,,,,,,,,,True,begin,4,circle,Green,36.9036,27.6189,2.79311,-3.4481,-6.37835,26,circle,Black,34.4311,25.6406,0,0,0
False,449,True,52,User Circle,Red,20.2377,28.2362,0,0,-1.04659,False
False,449,True,4,circle,Green,36.9508,27.56,2.8284,-3.53497,-6.40887,False
False,450,False,,,,,,,,,True,end,4,circle,Green,36.9508,27.56,2.8284,-3.53497,-6.40887,26,circle,Black,34.4311,25.6406,0,0,0
False,450,True,52,User Circle,Red,20.2377,28.2362,0,0,-1.04659,False
False,450,True,4,circle,Green,36.9979,27.4983,2.8284,-3.6983,-6.43939,False
False,475,False,,,,,,,,,True,begin,4,circle,Green,38.1661,25.1007,2.8284,-7.78164,-7.1941,19,circle,Black,40.486,22.9668,0,0,0
False,475,True,52,User Circle,Red,20.2377,28.2362,0,0,-1.04659,False
False,475,True,4,circle,Green,38.1525,25.107,-1.94333,0.0586207,-7.19189,False
False,477,False,,,,,,,,,True,end,4,circle,Green,38.1201,25.1053,-1.94333,-0.104713,-7.1817,19,circle,Black,40.486,22.9668,0,0,0
False,477,True,52,User Circle,Red,20.2377,28.2362,0,0,-1.04659,False
False,477,True,4,circle,Green,38.0877,25.1008,-1.94333,-0.268046,-7.17151,False
False,526,False,,,,,,,,,True,begin,4,circle,Green,36.533,21.6851,-1.94333,-8.10805,-6.68438,25,circle,Black,33.4776,20.9098,0,0,0
False,526,True,52,User Circle,Red,20.2377,28.2362,0,0,-1.04659,False
False,526,True,4,circle,Green,36.5755,21.6066,2.03558,-4.83663,-6.71175,False
False,527,False,,,,,,,,,True,end,4,circle,Green,36.5755,21.6066,2.03558,-4.83663,-6.71175,25,circle,Black,33.4776,20.9098,0,0,0
False,527,True,52,User Circle,Red,20.2377,28.2362,0,0,-1.04659,False
False,527,True,4,circle,Green,36.6094,21.5233,2.03558,-4.99996,-6.73912,False
False,576,False,,,,,,,,,True,begin,4,circle,Green,38.2434,14.2872,2.03558,-13.0033,-8.05185,18,circle,Black,40.2887,11.8892,0,0,0
False,576,True,52,User Circle,Red,20.2377,28.2362,0,0,-1.04659,False
False,576,True,4,circle,Green,38.1802,14.2867,-4.08592,-0.537036,-8.02861,False
False,577,False,,,,,,,,,True,end,4,circle,Green,38.1802,14.2867,-4.08592,-0.537036,-8.02861,18,circle,Black,40.2887,11.8892,0,0,0
False,577,True,52,User Circle,Red,20.2377,28.2362,0,0,-1.04659,False
False,577,True,4,circle,Green,38.1121,14.2751,-4.08592,-0.700369,-8.00092,False
False,613,False,,,,,,,,,True,begin,4,circle,Green,35.7061,12.1152,-4.08592,-6.58037,-7.02553,17,circle,Black,32.5993,11.5841,0,0,0
False,613,True,52,User Circle,Red,20.2377,28.2362,0,0,-1.04659,False
False,613,True,4,circle,Green,35.7315,12.0888,1.47019,-2.50422,-7.04006,False
False,614,False,,,,,,,,,True,end,4,circle,Green,35.7315,12.0888,1.47019,-2.50422,-7.04006,17,circle,Black,32.5993,11.5841,0,0,0
False,614,True,52,User Circle,Red,20.2377,28.2362,0,0,-1.04659,False
False,614,True,4,circle,Green,35.756,12.0444,1.47019,-2.66756,-7.06177,False
True,681,False,,,,,,,,,True,begin,51,bar,Purple,21.3333,0.426667,0,0,0,4,circle,Green,37.3904,2.93167,1.47019,-13.6109,-8.50192
True,681,True,52,User Circle,Red,20.2377,28.2362,0,0,-1.04659,False
True,681,True,4,circle,Green,37.3997,2.9545,1.87429,2.72218,-8.50638,False
False,682,False,,,,,,,,,True,end,51,bar,Purple,21.3333,0.426667,0,0,0,4,circle,Green,37.3997,2.9545,1.87429,2.72218,-8.50638
False,682,True,52,User Circle,Red,20.2377,28.2362,0,0,-1.04659,False
False,682,True,4,circle,Green,37.4309,2.99715,1.87429,2.55884,-8.52139,False
True,714,False,,,,,,,,,True,begin,51,bar,Purple,21.3333,0.426667,0,0,0,4,circle,Green,38.4255,2.93167,1.87429,-2.66782,-8.99806
True,714,True,52,User Circle,Red,20.2377,28.2362,0,0,-1.04659,False
True,714,True,4,circle,Green,38.4305,2.94247,1.87086,0.533565,-9.00047,False
False,716,False,,,,,,,,,True,end,51,bar,Purple,21.3333,0.426667,0,0,0,4,circle,Green,38.4617,2.94864,1.87086,0.370232,-9.01545
False,716,True,52,User Circle,Red,20.2377,28.2362,0,0,-1.04659,False
False,716,True,4,circle,Green,38.4929,2.95209,1.87086,0.206898,-9.03043,False
True,720,False,,,,,,,,,True,begin,51,bar,Purple,21.3333,0.426667,0,0,0,4,circle,Green,38.5864,2.9461,1.87086,-0.283102,-9.07536
True,720,True,52,User Circle,Red,20.2377,28.2362,0,0,-1.04659,False
True,720,True,4,circle,Green,38.6176,2.9461,1.87099,5.16825e-09,-9.09033,False
True,784,False,,,,,,,,,True,begin,3,boundary,Black,43.0833,21.3333,0,0,0,4,circle,Green,40.5787,2.9461,1.86446,0,-10.0318
True,784,True,52,User Circle,Red,20.2377,28.2362,0,0,-1.04659,False
True,784,True,4,circle,Green,40.5724,2.95465,-0.372891,0.512935,-10.0359,False
False,785,False,,,,,,,,,True,end,3,boundary,Black,43.0833,21.3333,0,0,0,4,circle,Green,40.5724,2.95465,-0.372891,0.512935,-10.0359
False,785,False,,,,,,,,,True,end,51,bar,Purple,21.3333,0.426667,0,0,0,4,circle,Green,40.5724,2.95465,-0.372891,0.512935,-10.0359
False,785,True,52,User Circle,Red,20.2377,28.2362,0,0,-1.04659,False
False,785,True,4,circle,Green,40.5662,2.96048,-0.372891,0.349601,-10.04,False
True,792,False,,,,,,,,,True,begin,51,bar,Purple,21.3333,0.426667,0,0,0,4,circle,Green,40.5289,2.93827,-0.372891,-0.630399,-10.0646
True,792,True,52,User Circle,Red,20.2377,28.2362,0,0,-1.04659,False
True,792,True,4,circle,Green,40.5277,2.93895,-0.0771758,0,-10.064,False
